1.00,246.00,2.00,174,166
1763,2,4.00,0.00,0.00,248.00,2.00,174,166
1764,2,4.00,0.00,0.00,250.00,2.00,174,166
1765,2,4.00,0.00,0.00,252.00,2.00,174,166
1767,2,4.00,0.00,0.00,254.00,2.00,174,166
1773,2,4.00,0.00,0.00,256.00,2.00,174,166
1774,2,4.00,0.00,0.00,258.00,2.00,174,166
1775,2,4.00,0.00,0.00,260.00,2.00,174,166
1777,2,4.00,0.00,0.00,262.00,2.00,174,166
1778,2,4.00,0.00,0.00,264.00,2.00,174,166
1779,2,4.00,0.00,0.00,266.00,2.00,174,166
1780,2,4.00,0.00,0.00,268.00,2.00,174,166
1782,2,4.00,0.00,0.00,270.00,2.00,174,166
1788,2,4.00,0.00,0.00,272.00,2.00,174,166
1789,2,4.00,0.00,0.00,274.00,2.00,174,166
1790,2,4.00,0,174,166
1796,2,4.00,0.00,0.00,286.00,2.00,174,166
1803,2,4.0,174,166
1793,2,4.00,0.00,0.00,280.00,2.00,174,166
1794,2,4.00,0.00,0.00,282.00,2.00,174,166
1795,2,4.00,0.00,0.00,284.00,2.00.00,0.00,276.00,2.00,174,166
1792,2,4.00,0.00,0.00,278.00,2.000,0.00,0.00,288.00,2.00,174,166
1804,2,4.00,0.00,0.00,290.00,2.00,174,166
1805,2,4.00,0.00,0.00,292.00,2.00,174,166
1806,2,4.00,0.00,0.00,294.00,2.00,174,166
1808,2,4.00,0.00,0.00,296.00,2.00,174,166
1809,2,4.00,0.00,0.00,298.00,2.00,174,166
1810,2,4.00,0.00,0.00,300.00,2.00,174,166
1811,2,4.00,0.00,0.00,302.00,2.00,174,166
1818,2,4.00,0.00,0.00,304.00,2.00,174,166
1819,2,4.00,0.00,0.00,306.00,2.00,174,166
1820,2,4.00,0.00,0.00,308.00,2.00,174,166
1821,2,4.00,0.00,0.00,310.00,2.00,174,166
1822,2,4.00,0.00,0.00,312.00,2.00,174,166
1824,2,4.00,0.00,0.00,314.00,2.00,174,166
1825,2,4.00,0.00,0.00,316.00,2.00,174,166
1826,2,4.00,0.00,0.00,318.00,2.00,174,166
1832,2,4.00,0.00,0.00,320.00,2.00,174,166
1834,2,4.00,0.00,0.00,322.00,2.00,174,166
1835,2,4.00,0.00,0.00,324.00,2.00,174,166
1836,2,4.00,0.00,0.00,326.00,2.00,174,166
1837,2,4.00,0.00,0.00,328.00,2.00,174,166
1838,2,4.00,0.00,0.00,330.00,2.00,174,166
1840,2,4.00,0.00,0.00,332.00,2.00,174,166
1846,2,4.00,0.00,0.00,334.00,2.00,174,166
1847,2,4.00,0.00,0.00,336.00,2.00,174,166
1848,2,4.00,0.00,0.00,338.00,2.00,174,166
1850,2,4.00,0.00,0.00,340.00,2.00,174,166
1851,2,4.00,0.00,0.00,342.00,2.00,174,166
1852,2,4.00,0.00,0.00,344.00,2.00,174,166
1853,2,4.00,0.00,0.00,346.00,2.00,174,166
1855,2,4.00,0.00,0.00,348.00,2.00,174,166
1861,2,4.00,0.00,0.00,350.00,2.00,174,166
1862,2,4.00,0.00,0.00,352.00,2.00,174,166
1863,2,4.00,0.00,0.00,354.00,2.00,174,166
1865,2,4.00,0.00,0.00,356.00,2.00,174,166
1866,2,4.00,0.00,0.00,358.00,2.00,174,166
1867,2,4.00,0.00,0.00,360.00,2.00,174,166
1868,2,4.00,0.00,0.00,362.00,2.00,174,166
1869,2,4.00,0.00,0.00,364.00,2.00,174,166
1876,2,4.00,0.00,0.00,366.00,2.00,174,166
1877,2,4.00,0.00,0.00,368.00,2.00,174,166
1878,2,4.00,0.00,0.00,370.00,2.00,174,166
1879,2,4.00,0.00,0.00,372.00,2.00,174,166
1881,2,4.00,0.00,0.00,374.00,2.00,174,166
1882,2,4.00,0.00,0.00,376.00,2.00,174,166
1883,2,4.00,0.00,0.00,378.00,2.00,174,166
1884,2,4.00,0.00,0.00,380.00,2.00,174,166
1891,2,4.00,0.00,0.00,382.00,2.00,174,166
1892,2,4.00,0.00,0.00,384.00,2.00,174,166
1893,2,4.00,0.00,0.00,386.00,2.00,174,166
1894,2,4.00,0.00,0.00,388.00,2.00,174,166
1895,2,4.00,0.00,0.00,390.00,2.00,174,166
1897,2,4.00,0.00,0.00,392.00,2.00,174,166
1898,2,4.00,0.00,0.00,394.00,2.00,174,166
1899,2,4.00,0.00,0.00,396.00,2.00,174,166
1905,4,8.00,0.00,0.00,398.00,2.00,178,162
1907,4,8.00,0.00,0.00,402.00,4.00,178,162
1908,4,8.00,0.00,0.00,406.00,4.00,178,162
1909,4,8.00,0.00,0.00,410.00,4.00,178,162
1910,4,8.00,0.00,0.00,414.00,4.00,178,162
1911,4,8.00,0.00,0.00,418.00,4.00,178,162
1913,4,8.00,0.00,0.00,422.00,4.00,178,162
1914,4,8.00,0.00,0.00,426.00,4.00,178,162
1920,4,8.00,0.00,0.00,430.00,4.00,178,162
1921,4,8.00,0.00,0.00,434.00,4.00,178,162
1923,4,8.00,0.00,0.00,438.00,4.00,178,162
1924,4,8.00,0.00,0.00,442.00,4.00,178,162
1925,4,8.00,0.00,0.00,446.00,4.00,178,162
1926,2,4.00,0.00,0.00,450.00,4.00,174,166
1928,2,4.00,0.00,0.00,452.00,2.00,174,166
1929,4,8.00,0.00,0.00,454.00,2.00,178,162
1935,2,4.00,0.00,0.00,458.00,4.00,174,166
1936,2,4.00,0.00,0.00,460.00,2.00,174,166
1938,4,8.00,0.00,0.00,462.00,2.00,178,162
1939,4,8.00,0.00,0.00,466.00,4.00,178,162
1940,4,8.00,0.00,0.00,470.00,4.00,178,162
1941,4,8.00,0.00,0.00,474.00,4.00,178,162
1942,4,8.00,0.00,0.00,478.00,4.00,178,162
1949,4,8.00,0.00,0.00,482.00,4.00,178,162
1950,4,8.00,0.00,0.00,486.00,4.00,178,162
1951,4,8.00,0.00,0.00,490.00,4.00,178,162
1952,4,8.00,0.00,0.00,494.00,4.00,178,162
1954,4,8.00,0.00,0.00,498.00,4.00,178,162
1955,4,8.00,0.00,0.00,502.00,4.00,178,162
1956,4,8.00,0.00,0.00,506.00,4.00,178,162
1957,4,8.00,0.00,0.00,510.00,4.00,178,162
1964,4,8.00,0.00,0.00,514.00,4.00,178,162
1965,4,8.00,0.00,0.00,518.00,4.00,178,162
1966,4,8.00,0.00,0.00,522.00,4.00,178,162
1967,4,8.00,0.00,0.00,526.00,4.00,178,162
1968,4,8.00,0.00,0.00,530.00,4.00,178,162
1970,4,8.00,0.00,0.00,534.00,4.00,178,162
1971,4,8.00,0.00,0.00,538.00,4.00,178,162
1972,4,8.00,0.00,0.00,542.00,4.00,178,162
1978,4,8.00,0.00,0.00,546.00,4.00,178,162
1980,4,8.00,0.00,0.00,550.00,4.00,178,162
1981,4,8.00,0.00,0.00,554.00,4.00,178,162
1982,4,8.00,0.00,0.00,558.00,4.00,178,162
1983,4,8.00,0.00,0.00,562.00,4.00,178,162
1984,4,8.00,0.00,0.00,566.00,4.00,178,162
1986,4,8.00,0.00,0.00,570.00,4.00,178,162
1987,4,8.00,0.00,0.00,574.00,4.00,178,162
1993,4,8.00,0.00,0.00,578.00,4.00,178,162
1994,4,8.00,0.00,0.00,582.00,4.00,178,162
1996,4,8.00,0.00,0.00,586.00,4.00,178,162
1997,4,8.00,0.00,0.00,590.00,4.00,178,162
1998,4,8.00,0.00,0.00,594.00,4.00,178,162
1999,4,8.00,0.00,0.00,598.00,4.00,178,162
2001,4,8.00,0.00,0.00,602.00,4.00,178,162
2002,4,8.00,0.00,0.00,606.00,4.00,178,162
2008,8000,8.00,0.00,0.00,610.00,4.00,120,-120
2009,8000,8.00,0.00,0.00,610.00,4.00,120,-120
2011,8000,8.00,0.00,0.00,610.00,4.00,120,-120
2012,8000,8.00,0.00,0.00,610.00,4.00,120,-120
2013,8000,8.00,0.00,0.00,610.00,4.00,120,-120
2014,8000,8.00,0.00,0.00,610.00,4.00,120,-120
2021,8000,8.00,0.00,0.00,610.00,4.00,120,-120
2022,8000,8.00,0.00,0.00,610.00,4.00,120,-120
2023,4,8.00,0.00,0.00,610.00,4.00,178,162
2024,4,8.00,0.00,0.00,614.00,4.00,178,162
2026,8000,8.00,0.00,0.00,618.00,4.00,120,-120
2027,8000,8.00,0.00,0.00,618.00,4.00,120,-120
2028,8000,8.00,0.00,0.00,618.00,4.00,120,-120
2034,8000,8.00,0.00,0.00,618.00,4.00,120,-120
2036,8000,8.00,0.00,0.00,618.00,4.00,120,-120
2037,8000,8.00,0.00,0.00,618.00,4.00,120,-120
2038,8000,8.00,0.00,0.00,618.00,4.00,120,-120
2039,8000,8.00,0.00,0.00,618.00,4.00,120,-120
2041,8000,8.00,0.00,0.00,618.00,4.00,120,-120
2042,8000,8.00,0.00,0.00,618.00,4.00,120,-120
2048,8000,8.00,0.00,0.00,618.00,4.00,120,-120
2049,4,8.00,0.00,0.00,618.00,4.00,178,162
2051,8000,8.00,0.00,0.00,622.00,4.00,120,-120
2052,8000,8.00,0.00,0.00,622.00,4.00,120,-120
2053,4,8.00,0.00,0.00,622.00,4.00,178,162
2054,4,8.00,0.00,0.00,626.00,4.00,178,162
2056,4,8.00,0.00,0.00,630.00,4.00,178,162
2062,8000,8.00,0.00,0.00,634.00,4.00,120,-120
2063,8000,8.00,0.00,0.00,634.00,4.00,120,-120
2064,2,4.00,0.00,0.00,634.00,4.00,174,166
2066,2,4.00,0.00,0.00,636.00,2.00,174,166
2067,2,4.00,0.00,0.00,638.00,2.00,174,166
2068,2,4.00,0.00,0.00,640.00,2.00,174,166
2069,2,4.00,0.00,0.00,642.00,2.00,174,166
2076,8000,4.00,0.00,0.00,644.00,2.00,120,-120
2077,8000,4.00,0.00,0.00,644.00,2.00,120,-120
2078,8000,4.00,0.00,0.00,644.00,2.00,120,-120
2079,8000,4.00,0.00,0.00,644.00,2.00,120,-120
2081,8000,4.00,0.00,0.00,644.00,2.00,120,-120
2082,8000,4.00,0.00,0.00,644.00,2.00,120,-120
2083,8000,4.00,0.00,0.00,644.00,2.00,120,-120
2089,8000,4.00,0.00,0.00,644.00,2.00,120,-120
2091,0,0.00,0.00,0.00,644.00,2.00,170,170
2092,0,0.00,0.00,0.00,644.00,0.00,170,170
2093,0,0.00,0.00,0.00,644.00,0.00,170,170
2094,0,0.00,0.00,0.00,644.00,0.00,170,170
2096,0,0.00,0.00,0.00,644.00,0.00,170,170
2097,0,0.00,0.00,0.00,644.00,0.00,170,170
2103,0,0.00,0.00,0.00,644.00,0.00,170,170
2104,0,0.00,0.00,0.00,644.00,0.00,170,170
2106,0,0.00,0.00,0.00,644.00,0.00,170,170
2107,0,0.00,0.00,0.00,644.00,0.00,170,170
2108,0,0.00,0.00,0.00,644.00,0.00,170,170
2109,0,0.00,0.00,0.00,644.00,0.00,170,170
2110,0,0.00,0.00,0.00,644.00,0.00,170,170
2112,0,0.00,0.00,0.00,644.00,0.00,170,170
2118,0,0.00,0.00,0.00,644.00,0.00,170,170
2119,0,0.00,0.00,0.00,644.00,0.00,170,170
2120,0,0.00,0.00,0.00,644.00,0.00,170,170
2122,0,0.00,0.00,0.00,644.00,0.00,170,170
2123,0,0.00,0.00,0.00,644.00,0.00,170,170
2124,0,0.00,0.00,0.00,644.00,0.00,170,170
2125,0,0.00,0.00,0.00,644.00,0.00,170,170
2126,0,0.00,0.00,0.00,644.00,0.00,170,170
2133,-2,-4.00,0.00,0.00,644.00,0.00,166,174
2134,-2,-4.00,0.00,0.00,642.00,-2.00,166,174
2135,-2,-4.00,0.00,0.00,640.00,-2.00,166,174
2137,-2,-4.00,0.00,0.00,638.00,-2.00,166,174
2138,-2,-4.00,0.00,0.00,636.00,-2.00,166,174
2139,-2,-4.00,0.00,0.00,634.00,-2.00,166,174
2140,-2,-4.00,0.00,0.00,632.00,-2.00,166,174
2147,-2,-4.00,0.00,0.00,630.00,-2.00,166,174
2148,-2,-4.00,0.00,0.00,628.00,-2.00,166,174
2149,-2,-4.00,0.00,0.00,626.00,-2.00,166,174
2151,-2,-4.00,0.00,0.00,624.00,-2.00,166,174
2152,-2,-4.00,0.00,0.00,622.00,-2.00,166,174
2153,-2,-4.00,0.00,0.00,620.00,-2.00,166,174
2154,-2,-4.00,0.00,0.00,618.00,-2.00,166,174
2161,8000,-4.00,0.00,0.00,616.00,-2.00,-120,120
2162,8000,-4.00,0.00,0.00,616.00,-2.00,-120,120
2163,8000,-4.00,0.00,0.00,616.00,-2.00,-120,120
2165,8000,-4.00,0.00,0.00,616.00,-2.00,-120,120
2166,8000,-4.00,0.00,0.00,616.00,-2.00,-120,120
2167,8000,-4.00,0.00,0.00,616.00,-2.00,-120,120
2174,8000,-4.00,0.00,0.00,616.00,-2.00,-120,120
2175,8000,-4.00,0.00,0.00,616.00,-2.00,-120,120
2176,8000,-4.00,0.00,0.00,616.00,-2.00,-120,120
2178,8000,-4.00,0.00,0.00,616.00,-2.00,-120,120
2179,8000,-4.00,0.00,0.00,616.00,-2.00,-120,120
2180,8000,-4.00,0.00,0.00,616.00,-2.00,-120,120
2186,8000,-4.00,0.00,0.00,616.00,-2.00,-120,120
2188,8000,-4.00,0.00,0.00,616.00,-2.00,-120,120
2189,8000,-4.00,0.00,0.00,616.00,-2.00,-120,120
2190,8000,-4.00,0.00,0.00,616.00,-2.00,-120,120
2192,8000,-4.00,0.00,0.00,616.00,-2.00,-120,120
2193,8000,-4.00,0.00,0.00,616.00,-2.00,-120,120
2199,8000,-4.00,0.00,0.00,616.00,-2.00,-120,120
2201,8000,-4.00,0.00,0.00,616.00,-2.00,-120,120
2202,8000,-4.00,0.00,0.00,616.00,-2.00,-120,120
2203,8000,-4.00,0.00,0.00,616.00,-2.00,-120,120
2204,8000,-4.00,0.00,0.00,616.00,-2.00,-120,120
2206,8000,-4.00,0.00,0.00,616.00,-2.00,-120,120
2212,8000,-4.00,0.00,0.00,616.00,-2.00,-120,120
2213,8000,-4.00,0.00,0.00,616.00,-2.00,-120,120
2215,8000,-4.00,0.00,0.00,616.00,-2.00,-120,120
2216,8000,-4.00,0.00,0.00,616.00,-2.00,-120,120
2217,8000,-4.00,0.00,0.00,616.00,-2.00,-120,120
2218,8000,-4.00,0.00,0.00,616.00,-2.00,-120,120
2225,8000,-4.00,0.00,0.00,616.00,-2.00,-120,120
2226,8000,-4.00,0.00,0.00,616.00,-2.00,-120,120
2227,8000,-4.00,0.00,0.00,616.00,-2.00,-120,120
2229,8000,-4.00,0.00,0.00,616.00,-2.00,-120,120
2230,8000,-4.00,0.00,0.00,616.00,-2.00,-120,120
2231,8000,-4.00,0.00,0.00,616.00,-2.00,-120,120
2238,8000,-4.00,0.00,0.00,616.00,-2.00,-120,120
2239,8000,-4.00,0.00,0.00,616.00,-2.00,-120,120
2240,8000,-4.00,0.00,0.00,616.00,-2.00,-120,120
2241,8000,-4.00,0.00,0.00,616.00,-2.00,-120,120
2243,8000,-4.00,0.00,0.00,616.00,-2.00,-120,120
2244,8000,-4.00,0.00,0.00,616.00,-2.00,-120,120
2250,8000,-4.00,0.00,0.00,616.00,-2.00,-120,120
2252,8000,-4.00,0.00,0.00,616.00,-2.00,-120,120
2253,8000,-4.00,0.00,0.00,616.00,-2.00,-120,120
2254,8000,-4.00,0.00,0.00,616.00,-2.00,-120,120
2256,8000,-4.00,0.00,0.00,616.00,-2.00,-120,120
2257,8000,-4.00,0.00,0.00,616.00,-2.00,-120,120
2263,8000,-4.00,0.00,0.00,616.00,-2.00,-120,120
2265,8000,-4.00,0.00,0.00,616.00,-2.00,-120,120
2266,8000,-4.00,0.00,0.00,616.00,-2.00,-120,120
2267,8000,-4.00,0.00,0.00,616.00,-2.00,-120,120
2268,8000,-4.00,0.00,0.00,616.00,-2.00,-120,120
2270,8000,-4.00,0.00,0.00,616.00,-2.00,-120,120
2276,8000,-4.00,0.00,0.00,616.00,-2.00,-120,120
2277,-2,-4.00,0.00,0.00,616.00,-2.00,166,174
2279,-2,-4.00,0.00,0.00,614.00,-2.00,166,174
2280,-2,-4.00,0.00,0.00,612.00,-2.00,166,174
2281,-2,-4.00,0.00,0.00,610.00,-2.00,166,174
2282,-2,-4.00,0.00,0.00,608.00,-2.00,166,174
2284,-2,-4.00,0.00,0.00,606.00,-2.00,166,174
2290,-2,-4.00,0.00,0.00,604.00,-2.00,166,174
2291,-2,-4.00,0.00,0.00,602.00,-2.00,166,174
2293,-2,-4.00,0.00,0.00,600.00,-2.00,166,174
2294,-2,-4.00,0.00,0.00,598.00,-2.00,166,174
2295,-2,-4.00,0.00,0.00,596.00,-2.00,166,174
2296,-2,-4.00,0.00,0.00,594.00,-2.00,166,174
2298,-2,-4.00,0.00,0.00,592.00,-2.00,166,174
2304,0,0.00,0.00,0.00,590.00,-2.00,170,170
2305,0,0.00,0.00,0.00,590.00,0.00,170,170
2307,0,0.00,0.00,0.00,590.00,0.00,170,170
2308,0,0.00,0.00,0.00,590.00,0.00,170,170
2309,0,0.00,0.00,0.00,590.00,0.00,170,170
2310,0,0.00,0.00,0.00,590.00,0.00,170,170
2312,0,0.00,0.00,0.00,590.00,0.00,170,170
2313,0,0.00,0.00,0.00,590.00,0.00,170,170
2319,0,0.00,0.00,0.00,590.00,0.00,170,170
2320,0,0.00,0.00,0.00,590.00,0.00,170,170
2321,0,0.00,0.00,0.00,590.00,0.00,170,170
2323,0,0.00,0.00,0.00,590.00,0.00,170,170
2324,0,0.00,0.00,0.00,590.00,0.00,170,170
2325,0,0.00,0.00,0.00,590.00,0.00,170,170
2326,0,0.00,0.00,0.00,590.00,0.00,170,170
2328,0,0.00,0.00,0.00,590.00,0.00,170,170
2334,2,4.00,0.00,0.00,590.00,0.00,174,166
2335,2,4.00,0.00,0.00,592.00,2.00,174,166
2336,2,4.00,0.00,0.00,594.00,2.00,174,166
2338,2,4.00,0.00,0.00,596.00,2.00,174,166
2339,2,4.00,0.00,0.00,598.00,2.00,174,166
2340,2,4.00,0.00,0.00,600.00,2.00,174,166
2341,2,4.00,0.00,0.00,602.00,2.00,174,166
2342,2,4.00,0.00,0.00,604.00,2.00,174,166
2349,2,4.00,0.00,0.00,606.00,2.00,174,166
2350,2,4.00,0.00,0.00,608.00,2.00,174,166
2351,2,4.00,0.00,0.00,610.00,2.00,174,166
2352,2,4.00,0.00,0.00,612.00,2.00,174,166
2354,2,4.00,0.00,0.00,614.00,2.00,174,166
2355,2,4.00,0.00,0.00,616.00,2.00,174,166
2356,2,4.00,0.00,0.00,618.00,2.00,174,166
2357,2,4.00,0.00,0.00,620.00,2.00,174,166
2364,8000,4.00,0.00,0.00,622.00,2.00,120,-120
2365,4,8.00,0.00,0.00,622.00,2.00,178,162
2366,4,8.00,0.00,0.00,626.00,4.00,178,162
2367,4,8.00,0.00,0.00,630.00,4.00,178,162
2368,4,8.00,0.00,0.00,634.00,4.00,178,162
2370,4,8.00,0.00,0.00,638.00,4.00,178,162
2371,8000,8.00,0.00,0.00,642.00,4.00,120,-120
2377,8000,8.00,0.00,0.00,642.00,4.00,120,-120
2378,8000,8.00,0.00,0.00,642.00,4.00,120,-120
2380,8000,8.00,0.00,0.00,642.00,4.00,120,-120
2381,8000,8.00,0.00,0.00,642.00,4.00,120,-120
2382,8000,8.00,0.00,0.00,642.00,4.00,120,-120
2383,8000,8.00,0.00,0.00,642.00,4.00,120,-120
2385,8000,8.00,0.00,0.00,642.00,4.00,120,-120
2391,8000,8.00,0.00,0.00,642.00,4.00,120,-120
2392,8000,8.00,0.00,0.00,642.00,4.00,120,-120
2394,8000,8.00,0.00,0.00,642.00,4.00,120,-120
2395,8000,8.00,0.00,0.00,642.00,4.00,120,-120
2396,8000,8.00,0.00,0.00,642.00,4.00,120,-120
2397,8000,8.00,0.00,0.00,642.00,4.00,120,-120
2404,8000,8.00,0.00,0.00,642.00,4.00,120,-120
2405,8000,8.00,0.00,0.00,642.00,4.00,120,-120
2406,8000,8.00,0.00,0.00,642.00,4.00,120,-120
2407,8000,8.00,0.00,0.00,642.00,4.00,120,-120
2409,8000,8.00,0.00,0.00,642.00,4.00,120,-120
2410,8000,8.00,0.00,0.00,642.00,4.00,120,-120
2411,8000,8.00,0.00,0.00,642.00,4.00,120,-120
2418,8000,8.00,0.00,0.00,642.00,4.00,120,-120
2419,8000,8.00,0.00,0.00,642.00,4.00,120,-120
2420,8000,8.00,0.00,0.00,642.00,4.00,120,-120
2421,8000,8.00,0.00,0.00,642.00,4.00,120,-120
2422,8000,8.00,0.00,0.00,642.00,4.00,120,-120
2424,8000,8.00,0.00,0.00,642.00,4.00,120,-120
2430,8000,8.00,0.00,0.00,642.00,4.00,120,-120
2431,8000,8.00,0.00,0.00,642.00,4.00,120,-120
2433,8000,8.00,0.00,0.00,642.00,4.00,120,-120
2434,8000,8.00,0.00,0.00,642.00,4.00,120,-120
2435,8000,8.00,0.00,0.00,642.00,4.00,120,-120
2436,8000,8.00,0.00,0.00,642.00,4.00,120,-120
2443,8000,8.00,0.00,0.00,642.00,4.00,120,-120
2444,8000,8.00,0.00,0.00,642.00,4.00,120,-120
2445,8000,8.00,0.00,0.00,642.00,4.00,120,-120
2446,8000,8.00,0.00,0.00,642.00,4.00,120,-120
2448,8000,8.00,0.00,0.00,642.00,4.00,120,-120
2449,8000,8.00,0.00,0.00,642.00,4.00,120,-120
2450,8000,8.00,0.00,0.00,642.00,4.00,120,-120
2456,8000,8.00,0.00,0.00,642.00,4.00,120,-120
2458,4,8.00,0.00,0.00,642.00,4.00,178,162
2459,4,8.00,0.00,0.00,646.00,4.00,178,162
2460,4,8.00,0.00,0.00,650.00,4.00,178,162
2461,4,8.00,0.00,0.00,654.00,4.00,178,162
2463,4,8.00,0.00,0.00,658.00,4.00,178,162
2464,4,8.00,0.00,0.00,662.00,4.00,178,162
2470,2,4.00,0.00,0.00,666.00,4.00,174,166
2471,2,4.00,0.00,0.00,668.00,2.00,174,166
2473,2,4.00,0.00,0.00,670.00,2.00,174,166
2474,2,4.00,0.00,0.00,672.00,2.00,174,166
2475,2,4.00,0.00,0.00,674.00,2.00,174,166
2476,8000,4.00,0.00,0.00,676.00,2.00,120,-120
2477,8000,4.00,0.00,0.00,676.00,2.00,120,-120
2479,8000,4.00,0.00,0.00,676.00,2.00,120,-120
2485,2,4.00,0.00,0.00,676.00,2.00,174,166
2486,2,4.00,0.00,0.00,678.00,2.00,174,166
2488,2,4.00,0.00,0.00,680.00,2.00,174,166
2489,2,4.00,0.00,0.00,682.00,2.00,174,166
2490,2,4.00,0.00,0.00,684.00,2.00,174,166
2491,0,0.00,0.00,0.00,686.00,2.00,170,170
2492,0,0.00,0.00,0.00,686.00,0.00,170,170
2499,0,0.00,0.00,0.00,686.00,0.00,170,170
2500,0,0.00,0.00,0.00,686.00,0.00,170,170
2501,0,0.00,0.00,0.00,686.00,0.00,170,170
2502,0,0.00,0.00,0.00,686.00,0.00,170,170
2504,0,0.00,0.00,0.00,686.00,0.00,170,170
2505,0,0.00,0.00,0.00,686.00,0.00,170,170
2506,0,0.00,0.00,0.00,686.00,0.00,170,170
2507,0,0.00,0.00,0.00,686.00,0.00,170,170
2514,0,0.00,0.00,0.00,686.00,0.00,170,170
2515,0,0.00,0.00,0.00,686.00,0.00,170,170
2516,0,0.00,0.00,0.00,686.00,0.00,170,170
2517,0,0.00,0.00,0.00,686.00,0.00,170,170
2518,0,0.00,0.00,0.00,686.00,0.00,170,170
2520,0,0.00,0.00,0.00,686.00,0.00,170,170
2521,0,0.00,0.00,0.00,686.00,0.00,170,170
2522,-2,-4.00,0.00,0.00,686.00,0.00,166,174
2528,-2,-4.00,0.00,0.00,684.00,-2.00,166,174
2530,-2,-4.00,0.00,0.00,682.00,-2.00,166,174
2531,-2,-4.00,0.00,0.00,680.00,-2.00,166,174
2532,-2,-4.00,0.00,0.00,678.00,-2.00,166,174
2534,-2,-4.00,0.00,0.00,676.00,-2.00,166,174
2535,-2,-4.00,0.00,0.00,674.00,-2.00,166,174
2536,-2,-4.00,0.00,0.00,672.00,-2.00,166,174
2542,-2,-4.00,0.00,0.00,670.00,-2.00,166,174
2544,-2,-4.00,0.00,0.00,668.00,-2.00,166,174
2545,-2,-4.00,0.00,0.00,666.00,-2.00,166,174
2546,-2,-4.00,0.00,0.00,664.00,-2.00,166,174
2548,-2,-4.00,0.00,0.00,662.00,-2.00,166,174
2549,-2,-4.00,0.00,0.00,660.00,-2.00,166,174
2550,-2,-4.00,0.00,0.00,658.00,-2.00,166,174
2557,8000,-4.00,0.00,0.00,656.00,-2.00,-120,120
2558,8000,-4.00,0.00,0.00,656.00,-2.00,-120,120
2559,8000,-4.00,0.00,0.00,656.00,-2.00,-120,120
2560,8000,-4.00,0.00,0.00,656.00,-2.00,-120,120
2562,8000,-4.00,0.00,0.00,656.00,-2.00,-120,120
2563,8000,-4.00,0.00,0.00,656.00,-2.00,-120,120
2569,8000,-4.00,0.00,0.00,656.00,-2.00,-120,120
2571,8000,-4.00,0.00,0.00,656.00,-2.00,-120,120
2572,8000,-4.00,0.00,0.00,656.00,-2.00,-120,120
2573,8000,-4.00,0.00,0.00,656.00,-2.00,-120,120
2574,8000,-4.00,0.00,0.00,656.00,-2.00,-120,120
2576,8000,-4.00,0.00,0.00,656.00,-2.00,-120,120
2582,8000,-4.00,0.00,0.00,656.00,-2.00,-120,120
2583,8000,-4.00,0.00,0.00,656.00,-2.00,-120,120
2585,8000,-4.00,0.00,0.00,656.00,-2.00,-120,120
2586,8000,-4.00,0.00,0.00,656.00,-2.00,-120,120
2587,8000,-4.00,0.00,0.00,656.00,-2.00,-120,120
2589,8000,-4.00,0.00,0.00,656.00,-2.00,-120,120
2595,8000,-4.00,0.00,0.00,656.00,-2.00,-120,120
2596,8000,-4.00,0.00,0.00,656.00,-2.00,-120,120
2597,8000,-4.00,0.00,0.00,656.00,-2.00,-120,120
2599,8000,-4.00,0.00,0.00,656.00,-2.00,-120,120
2600,8000,-4.00,0.00,0.00,656.00,-2.00,-120,120
2601,8000,-4.00,0.00,0.00,656.00,-2.00,-120,120
2608,8000,-4.00,0.00,0.00,656.00,-2.00,-120,120
2609,8000,-4.00,0.00,0.00,656.00,-2.00,-120,120
2610,8000,-4.00,0.00,0.00,656.00,-2.00,-120,120
2612,8000,-4.00,0.00,0.00,656.00,-2.00,-120,120
2613,8000,-4.00,0.00,0.00,656.00,-2.00,-120,120
2614,8000,-4.00,0.00,0.00,656.00,-2.00,-120,120
2620,8000,-4.00,0.00,0.00,656.00,-2.00,-120,120
2622,8000,-4.00,0.00,0.00,656.00,-2.00,-120,120
2623,8000,-4.00,0.00,0.00,656.00,-2.00,-120,120
2624,8000,-4.00,0.00,0.00,656.00,-2.00,-120,120
2626,8000,-4.00,0.00,0.00,656.00,-2.00,-120,120
2627,8000,-4.00,0.00,0.00,656.00,-2.00,-120,120
2633,8000,-4.00,0.00,0.00,656.00,-2.00,-120,120
2635,8000,-4.00,0.00,0.00,656.00,-2.00,-120,120
2636,8000,-4.00,0.00,0.00,656.00,-2.00,-120,120
2637,8000,-4.00,0.00,0.00,656.00,-2.00,-120,120
2638,8000,-4.00,0.00,0.00,656.00,-2.00,-120,120
2640,8000,-4.00,0.00,0.00,656.00,-2.00,-120,120
2646,8000,-4.00,0.00,0.00,656.00,-2.00,-120,120
2647,8000,-4.00,0.00,0.00,656.00,-2.00,-120,120
2649,8000,-4.00,0.00,0.00,656.00,-2.00,-120,120
2650,8000,-4.00,0.00,0.00,656.00,-2.00,-120,120
2651,8000,-4.00,0.00,0.00,656.00,-2.00,-120,120
2652,8000,-4.00,0.00,0.00,656.00,-2.00,-120,120
2659,8000,-4.00,0.00,0.00,656.00,-2.00,-120,120
2660,-2,-4.00,0.00,0.00,656.00,-2.00,166,174
2661,-2,-4.00,0.00,0.00,654.00,-2.00,166,174
2663,-2,-4.00,0.00,0.00,652.00,-2.00,166,174
2664,-2,-4.00,0.00,0.00,650.00,-2.00,166,174
2665,-2,-4.00,0.00,0.00,648.00,-2.00,166,174
2666,-2,-4.00,0.00,0.00,646.00,-2.00,166,174
2673,-2,-4.00,0.00,0.00,644.00,-2.00,166,174
2674,-2,-4.00,0.00,0.00,642.00,-2.00,166,174
2675,-2,-4.00,0.00,0.00,640.00,-2.00,166,174
2677,-2,-4.00,0.00,0.00,638.00,-2.00,166,174
2678,-2,-4.00,0.00,0.00,636.00,-2.00,166,174
2679,-2,-4.00,0.00,0.00,634.00,-2.00,166,174
2681,-2,-4.00,0.00,0.00,632.00,-2.00,166,174
2687,0,0.00,0.00,0.00,630.00,-2.00,170,170
2688,0,0.00,0.00,0.00,630.00,0.00,170,170
2689,0,0.00,0.00,0.00,630.00,0.00,170,170
2691,0,0.00,0.00,0.00,630.00,0.00,170,170
2692,0,0.00,0.00,0.00,630.00,0.00,170,170
2693,0,0.00,0.00,0.00,630.00,0.00,170,170
2694,0,0.00,0.00,0.00,630.00,0.00,170,170
2695,0,0.00,0.00,0.00,630.00,0.00,170,170
2702,0,0.00,0.00,0.00,630.00,0.00,170,170
2703,0,0.00,0.00,0.00,630.00,0.00,170,170
2704,0,0.00,0.00,0.00,630.00,0.00,170,170
2705,0,0.00,0.00,0.00,630.00,0.00,170,170
2707,0,0.00,0.00,0.00,630.00,0.00,170,170
2708,0,0.00,0.00,0.00,630.00,0.00,170,170
2709,0,0.00,0.00,0.00,630.00,0.00,170,170
2710,0,0.00,0.00,0.00,630.00,0.00,170,170
2717,2,4.00,0.00,0.00,630.00,0.00,174,166
2718,2,4.00,0.00,0.00,632.00,2.00,174,166
2719,2,4.00,0.00,0.00,634.00,2.00,174,166
2720,2,4.00,0.00,0.00,636.00,2.00,174,166
2722,2,4.00,0.00,0.00,638.00,2.00,174,166
2723,2,4.00,0.00,0.00,640.00,2.00,174,166
2724,2,4.00,0.00,0.00,642.00,2.00,174,166
2725,2,4.00,0.00,0.00,644.00,2.00,174,166
2731,2,4.00,0.00,0.00,646.00,2.00,174,166
2733,2,4.00,0.00,0.00,648.00,2.00,174,166
2734,2,4.00,0.00,0.00,650.00,2.00,174,166
2735,2,4.00,0.00,0.00,652.00,2.00,174,166
2736,2,4.00,0.00,0.00,654.00,2.00,174,166
2738,2,4.00,0.00,0.00,656.00,2.00,174,166
2739,2,4.00,0.00,0.00,658.00,2.00,174,166
2740,2,4.00,0.00,0.00,660.00,2.00,174,166
2746,2,4.00,0.00,0.00,662.00,2.00,174,166
2748,2,4.00,0.00,0.00,664.00,2.00,174,166
2749,2,4.00,0.00,0.00,666.00,2.00,174,166
2750,2,4.00,0.00,0.00,668.00,2.00,174,166
2751,2,4.00,0.00,0.00,670.00,2.00,174,166
2752,2,4.00,0.00,0.00,672.00,2.00,174,166
2754,2,4.00,0.00,0.00,674.00,2.00,174,166
2755,2,4.00,0.00,0.00,676.00,2.00,174,166
2761,8000,4.00,0.00,0.00,678.00,2.00,120,-120
2762,8000,4.00,0.00,0.00,678.00,2.00,120,-120
2764,8000,4.00,0.00,0.00,678.00,2.00,120,-120
2765,8000,4.00,0.00,0.00,678.00,2.00,120,-120
2766,8000,4.00,0.00,0.00,678.00,2.00,120,-120
2767,8000,4.00,0.00,0.00,678.00,2.00,120,-120
2774,8000,4.00,0.00,0.00,678.00,2.00,120,-120
2775,8000,4.00,0.00,0.00,678.00,2.00,120,-120
2776,8000,4.00,0.00,0.00,678.00,2.00,120,-120
2778,8000,4.00,0.00,0.00,678.00,2.00,120,-120
2779,8000,4.00,0.00,0.00,678.00,2.00,120,-120
2780,8000,4.00,0.00,0.00,678.00,2.00,120,-120
2781,8000,4.00,0.00,0.00,678.00,2.00,120,-120
2788,8000,4.00,0.00,0.00,678.00,2.00,120,-120
2789,8000,4.00,0.00,0.00,678.00,2.00,120,-120
2790,8000,4.00,0.00,0.00,678.00,2.00,120,-120
2791,8000,4.00,0.00,0.00,678.00,2.00,120,-120
2793,8000,4.00,0.00,0.00,678.00,2.00,120,-120
2794,8000,4.00,0.00,0.00,678.00,2.00,120,-120
2800,8000,4.00,0.00,0.00,678.00,2.00,120,-120
2801,8000,4.00,0.00,0.00,678.00,2.00,120,-120
2803,8000,4.00,0.00,0.00,678.00,2.00,120,-120
2804,8000,4.00,0.00,0.00,678.00,2.00,120,-120
2805,8000,4.00,0.00,0.00,678.00,2.00,120,-120
2806,8000,4.00,0.00,0.00,678.00,2.00,00,4.00,0.00,0.00,678.00,2.00,120,-120
2815,8000,4.00,0.00,0.00120,-120
2808,8000,4.00,0.00,0.00,678.00,2.00,120,-120
2814,80,678.00,2.00,120,-120
2817,8000,4.00,0.00,0.00,678.00,2.00,120,-120
2818,8000,4.00,0.00,0.00,678.00,2.00,120,-120
2819,8000,4.00,0.00,0.00,678.00,2.00,120,-120
2820,8000,4.00,0.00,0.00,678.00,2.00,120,-120
2827,8000,4.00,0.00,0.00,678.00,2.00,120,-120
2828,8000,4.00,0.00,0.00,678.00,2.00,120,-120
2829,8000,4.00,0.00,0.00,678.00,2.00,120,-120
2830,8000,4.00,0.00,0.00,678.00,2.00,120,-120
2832,8000,4.00,0.00,0.00,678.00,2.00,120,-120
2833,8000,4.00,0.00,0.00,678.00,2.00,120,-120
2834,8000,4.00,0.00,0.00,678.00,2.00,120,-120
2840,8000,4.00,0.00,0.00,678.00,2.00,120,-120
2842,8000,4.00,0.00,0.00,678.00,2.00,120,-120
2843,8000,4.00,0.00,0.00,678.00,2.00,120,-120
2844,8000,4.00,0.00,0.00,678.00,2.00,120,-120
2845,8000,4.00,0.00,0.00,678.00,2.00,120,-120
2847,8000,4.00,0.00,0.00,678.00,2.00,120,-120
2853,8000,4.00,0.00,0.00,678.00,2.00,120,-120
2854,8000,4.00,0.00,0.00,678.00,2.00,120,-120
2856,8000,4.00,0.00,0.00,678.00,2.00,120,-120
2857,8000,4.00,0.00,0.00,678.00,2.00,120,-120
2858,8000,4.00,0.00,0.00,678.00,2.00,120,-120
2859,8000,4.00,0.00,0.00,678.00,2.00,120,-120
2866,8000,4.00,0.00,0.00,678.00,2.00,120,-120
2867,8000,4.00,0.00,0.00,678.00,2.00,120,-120
2868,8000,4.00,0.00,0.00,678.00,2.00,120,-120
2869,8000,4.00,0.00,0.00,678.00,2.00,120,-120
2871,8000,4.00,0.00,0.00,678.00,2.00,120,-120
2872,4,8.00,0.00,0.00,678.00,2.00,178,162
2873,4,8.00,0.00,0.00,682.00,4.00,178,162
2879,4,8.00,0.00,0.00,686.00,4.00,178,162
2881,4,8.00,0.00,0.00,690.00,4.00,178,162
2882,8000,8.00,0.00,0.00,694.00,4.00,120,-120
2883,2,4.00,0.00,0.00,694.00,4.00,174,166
2884,2,4.00,0.00,0.00,696.00,2.00,174,166
2886,2,4.00,0.00,0.00,698.00,2.00,174,166
2887,2,4.00,0.00,0.00,700.00,2.00,174,166
2888,2,4.00,0.00,0.00,702.00,2.00,174,166
2894,8000,4.00,0.00,0.00,704.00,2.00,120,-120
2896,0,0.00,0.00,0.00,704.00,2.00,170,170
2897,0,0.00,0.00,0.00,704.00,0.00,170,170
2898,0,0.00,0.00,0.00,704.00,0.00,170,170
2899,0,0.00,0.00,0.00,704.00,0.00,170,170
2900,2,4.00,0.00,0.00,704.00,0.00,174,166
2902,2,4.00,0.00,0.00,706.00,2.00,174,166
2908,0,0.00,0.00,0.00,708.00,2.00,170,170
2909,0,0.00,0.00,0.00,708.00,0.00,170,170
2910,0,0.00,0.00,0.00,708.00,0.00,170,170
2912,0,0.00,0.00,0.00,708.00,0.00,170,170
2913,0,0.00,0.00,0.00,708.00,0.00,170,170
2914,0,0.00,0.00,0.00,708.00,0.00,170,170
2915,0,0.00,0.00,0.00,708.00,0.00,170,170
2916,0,0.00,0.00,0.00,708.00,0.00,170,170
2923,0,0.00,0.00,0.00,708.00,0.00,170,170
2924,0,0.00,0.00,0.00,708.00,0.00,170,170
2925,0,0.00,0.00,0.00,708.00,0.00,170,170
2926,0,0.00,0.00,0.00,708.00,0.00,170,170
2928,0,0.00,0.00,0.00,708.00,0.00,170,170
2929,0,0.00,0.00,0.00,708.00,0.00,170,170
2930,0,0.00,0.00,0.00,708.00,0.00,170,170
2931,0,0.00,0.00,0.00,708.00,0.00,170,170
2938,0,0.00,0.00,0.00,708.00,0.00,170,170
2939,0,0.00,0.00,0.00,708.00,0.00,170,170
2940,-2,-4.00,0.00,0.00,708.00,0.00,166,174
2941,-2,-4.00,0.00,0.00,706.00,-2.00,166,174
2943,-2,-4.00,0.00,0.00,704.00,-2.00,166,174
2944,-2,-4.00,0.00,0.00,702.00,-2.00,166,174
2945,-2,-4.00,0.00,0.00,700.00,-2.00,166,174
2952,-2,-4.00,0.00,0.00,698.00,-2.00,166,174
2953,-2,-4.00,0.00,0.00,696.00,-2.00,166,174
2954,-2,-4.00,0.00,0.00,694.00,-2.00,166,174
2955,-2,-4.00,0.00,0.00,692.00,-2.00,166,174
2957,-2,-4.00,0.00,0.00,690.00,-2.00,166,174
2958,-2,-4.00,0.00,0.00,688.00,-2.00,166,174
2959,-2,-4.00,0.00,0.00,686.00,-2.00,166,174
2966,-2,-4.00,0.00,0.00,684.00,-2.00,166,174
2967,-2,-4.00,0.00,0.00,682.00,-2.00,166,174
2968,-2,-4.00,0.00,0.00,680.00,-2.00,166,174
2969,-2,-4.00,0.00,0.00,678.00,-2.00,166,174
2971,-2,-4.00,0.00,0.00,676.00,-2.00,166,174
2972,-2,-4.00,0.00,0.00,674.00,-2.00,166,174
2973,-2,-4.00,0.00,0.00,672.00,-2.00,166,174
2980,8000,-4.00,0.00,0.00,670.00,-2.00,-120,120
2981,8000,-4.00,0.00,0.00,670.00,-2.00,-120,120
2982,8000,-4.00,0.00,0.00,670.00,-2.00,-120,120
2984,8000,-4.00,0.00,0.00,670.00,-2.00,-120,120
2985,8000,-4.00,0.00,0.00,670.00,-2.00,-120,120
2986,8000,-4.00,0.00,0.00,670.00,-2.00,-120,120
2993,8000,-4.00,0.00,0.00,670.00,-2.00,-120,120
2994,8000,-4.00,0.00,0.00,670.00,-2.00,-120,120
2995,8000,-4.00,0.00,0.00,670.00,-2.00,-120,120
2996,8000,-4.00,0.00,0.00,670.00,-2.00,-120,120
2998,8000,-4.00,0.00,0.00,670.00,-2.00,-120,120
2999,8000,-4.00,0.00,0.00,670.00,-2.00,-120,120
3005,8000,-4.00,0.00,0.00,670.00,-2.00,-120,120
3007,8000,-4.00,0.00,0.00,670.00,-2.00,-120,120
3008,8000,-4.00,0.00,0.00,670.00,-2.00,-120,120
3009,8000,-4.00,0.00,0.00,670.00,-2.00,-120,120
3010,8000,-4.00,0.00,0.00,670.00,-2.00,-120,120
3012,8000,-4.00,0.00,0.00,670.00,-2.00,-120,120
3018,8000,-4.00,0.00,0.00,670.00,-2.00,-120,120
3019,8000,-4.00,0.00,0.00,670.00,-2.00,-120,120
3021,8000,-4.00,0.00,0.00,670.00,-2.00,-120,120
3022,8000,-4.00,0.00,0.00,670.00,-2.00,-120,120
3023,8000,-4.00,0.00,0.00,670.00,-2.00,-120,120
3024,8000,-4.00,0.00,0.00,670.00,-2.00,-120,120
3031,8000,-4.00,0.00,0.00,670.00,-2.00,-120,120
3032,8000,-4.00,0.00,0.00,670.00,-2.00,-120,120
3033,8000,-4.00,0.00,0.00,670.00,-2.00,-120,120
3035,8000,-4.00,0.00,0.00,670.00,-2.00,-120,120
3036,8000,-4.00,0.00,0.00,670.00,-2.00,-120,120
3037,8000,-4.00,0.00,0.00,670.00,-2.00,-120,120
3044,8000,-4.00,0.00,0.00,670.00,-2.00,-120,120
3045,8000,-4.00,0.00,0.00,670.00,-2.00,-120,120
3046,8000,-4.00,0.00,0.00,670.00,-2.00,-120,120
3047,8000,-4.00,0.00,0.00,670.00,-2.00,-120,120
3049,8000,-4.00,0.00,0.00,670.00,-2.00,-120,120
3050,8000,-4.00,0.00,0.00,670.00,-2.00,-120,120
3056,8000,-4.00,0.00,0.00,670.00,-2.00,-120,120
3058,8000,-4.00,0.00,0.00,670.00,-2.00,-120,120
3059,8000,-4.00,0.00,0.00,670.00,-2.00,-120,120
3060,8000,-4.00,0.00,0.00,670.00,-2.00,-120,120
3062,8000,-4.00,0.00,0.00,670.00,-2.00,-120,120
3063,8000,-4.00,0.00,0.00,670.00,-2.00,-120,120
3069,8000,-4.00,0.00,0.00,670.00,-2.00,-100,-4.00,0.00,0.00,670.00,-2.00,-120,120
3073,8000,-4.00,0.00,020,120
3070,8000,-4.00,0.00,0.00,670.00,-2.00,-120,120
3072,80.00,670.00,-2.00,-120,120
3074,8000,-4.00,0.00,0.00,670.00,-2.00,-120,120
3076,8000,-4.00,0.00,0.00,670.00,-2.00,-120,120
3082,8000,-4.00,0.00,0.00,670.00,-2.00,-120,120
3083,8000,-4.00,0.00,0.00,670.00,-2.00,-120,120
3085,8000,-4.00,0.00,0.00,670.00,-2.00,-120,120
3086,8000,-4.00,0.00,0.00,670.00,-2.00,-120,120
3087,8000,-4.00,0.00,0.00,670.00,-2.00,-120,120
3088,8000,-4.00,0.00,0.00,670.00,-2.00,-120,120
3095,8000,-4.00,0.00,0.00,670.00,-2.00,-120,120
3096,8000,-4.00,0.00,0.00,670.00,-2.00,-120,120
3097,8000,-4.00,0.00,0.00,670.00,-2.00,-120,120
3099,8000,-4.00,0.00,0.00,670.00,-2.00,-120,120
3100,8000,-4.00,0.00,0.00,670.00,-2.00,-120,120
3101,-2,-4.00,0.00,0.00,670.00,-2.00,166,174
3102,-2,-4.00,0.00,0.00,668.00,-2.00,166,174
3109,-2,-4.00,0.00,0.00,666.00,-2.00,166,174
3110,-2,-4.00,0.00,0.00,664.00,-2.00,166,174
3111,-2,-4.00,0.00,0.00,662.00,-2.00,166,174
3113,-2,-4.00,0.00,0.00,660.00,-2.00,166,174
3114,-2,-4.00,0.00,0.00,658.00,-2.00,166,174
3115,-2,-4.00,0.00,0.00,656.00,-2.00,166,174
3116,-2,-4.00,0.00,0.00,654.00,-2.00,166,174
3123,-2,-4.00,0.00,0.00,652.00,-2.00,166,174
3124,-2,-4.00,0.00,0.00,650.00,-2.00,166,174
3125,-2,-4.00,0.00,0.00,648.00,-2.00,166,174
3127,0,0.00,0.00,0.00,646.00,-2.00,170,170
3128,0,0.00,0.00,0.00,646.00,0.00,170,170
3129,0,0.00,0.00,0.00,646.00,0.00,170,170
3130,0,0.00,0.00,0.00,646.00,0.00,170,170
3137,0,0.00,0.00,0.00,646.00,0.00,170,170
3138,0,0.00,0.00,0.00,646.00,0.00,170,170
3139,0,0.00,0.00,0.00,646.00,0.00,170,170
3140,0,0.00,0.00,0.00,646.00,0.00,170,170
3142,0,0.00,0.00,0.00,646.00,0.00,170,170
3143,0,0.00,0.00,0.00,646.00,0.00,170,170
3144,0,0.00,0.00,0.00,646.00,0.00,170,170
3145,0,0.00,0.00,0.00,646.00,0.00,170,170
3152,0,0.00,0.00,0.00,646.00,0.00,170,170
3153,0,0.00,0.00,0.00,646.00,0.00,170,170
3154,0,0.00,0.00,0.00,646.00,0.00,170,170
3155,0,0.00,0.00,0.00,646.00,0.00,170,170
3156,0,0.00,0.00,0.00,646.00,0.00,170,170
3158,0,0.00,0.00,0.00,646.00,0.00,170,170
3159,0,0.00,0.00,0.00,646.00,0.00,170,170
3160,0,0.00,0.00,0.00,646.00,0.00,170,170
3166,2,4.00,0.00,0.00,646.00,0.00,174,166
3168,2,4.00,0.00,0.00,648.00,2.00,174,166
3169,2,4.00,0.00,0.00,650.00,2.00,174,166
3170,2,4.00,0.00,0.00,652.00,2.00,174,166
3171,2,4.00,0.00,0.00,654.00,2.00,174,166
3172,2,4.00,0.00,0.00,656.00,2.00,174,166
3174,2,4.00,0.00,0.00,658.00,2.00,174,166
3175,2,4.00,0.00,0.00,660.00,2.00,174,166
3181,2,4.00,0.00,0.00,662.00,2.00,174,166
3182,2,4.00,0.00,0.00,664.00,2.00,174,166
3184,2,4.00,0.00,0.00,666.00,2.00,174,166
3185,2,4.00,0.00,0.00,668.00,2.00,174,166
3186,2,4.00,0.00,0.00,670.00,2.00,174,166
3187,2,4.00,0.00,0.00,672.00,2.00,174,166
3189,2,4.00,0.00,0.00,674.00,2.00,174,166
3190,2,4.00,0.00,0.00,676.00,2.00,174,166
3196,2,4.00,0.00,0.00,678.00,2.00,174,166
3197,2,4.00,0.00,0.00,680.00,2.00,174,166
3199,2,4.00,0.00,0.00,682.00,2.00,174,166
3200,2,4.00,0.00,0.00,684.00,2.00,174,166
3201,2,4.00,0.00,0.00,686.00,2.00,174,166
3202,2,4.00,0.00,0.00,688.00,2.00,174,166
3203,2,4.00,0.00,0.00,690.00,2.00,174,166
3205,2,4.00,0.00,0.00,692.00,2.00,174,166
3211,2,4.00,0.00,0.00,694.00,2.00,174,166
3212,2,4.00,0.00,0.00,696.00,2.00,174,166
3213,2,4.00,0.00,0.00,698.00,2.00,174,166
3215,2,4.00,0.00,0.00,700.00,2.00,174,166
3216,4,8.00,0.00,0.00,702.00,2.00,178,162
3217,4,8.00,0.00,0.00,706.00,4.00,178,162
3218,4,8.00,0.00,0.00,710.00,4.00,178,162
3225,4,8.00,0.00,0.00,714.00,4.00,178,162
3226,4,8.00,0.00,0.00,718.00,4.00,178,162
3227,4,8.00,0.00,0.00,722.00,4.00,178,162
3228,4,8.00,0.00,0.00,726.00,4.00,178,162
3229,4,8.00,0.00,0.00,730.00,4.00,178,162
3231,4,8.00,0.00,0.00,734.00,4.00,178,162
3232,4,8.00,0.00,0.00,738.00,4.00,178,162
3233,4,8.00,0.00,0.00,742.00,4.00,178,162
3239,4,8.00,0.00,0.00,746.00,4.00,178,162
3241,8000,8.00,0.00,0.00,750.00,4.00,120,-120
3242,8000,8.00,0.00,0.00,750.00,4.00,120,-120
3243,8000,8.00,0.00,0.00,750.00,4.00,120,-120
3244,8000,8.00,0.00,0.00,750.00,4.00,120,-120
3246,8000,8.00,0.00,0.00,750.00,4.00,120,-120
3247,8000,8.00,0.00,0.00,750.00,4.00,120,-120
3253,8000,8.00,0.00,0.00,750.00,4.00,120,-120
3254,8000,8.00,0.00,0.00,750.00,4.00,120,-120
3256,8000,8.00,0.00,0.00,750.00,4.00,120,-120
3257,8000,8.00,0.00,0.00,750.00,4.00,120,-120
3258,8000,8.00,0.00,0.00,750.00,4.00,120,-120
3259,4,8.00,0.00,0.00,750.00,4.00,178,162
3261,8000,8.00,0.00,0.00,754.00,4.00,120,-120
3267,8000,8.00,0.00,0.00,754.00,4.00,120,-120
3268,8000,8.00,0.00,0.00,754.00,4.00,120,-120
3269,8000,8.00,0.00,0.00,754.00,4.00,120,-120
3271,8000,8.00,0.00,0.00,754.00,4.00,120,-120
3272,8000,8.00,0.00,0.00,754.00,4.00,120,-120
3273,8000,8.00,0.00,0.00,754.00,4.00,120,-120
3280,8000,8.00,0.00,0.00,754.00,4.00,120,-120
3281,8000,8.00,0.00,0.00,754.00,4.00,120,-120
3282,8000,8.00,0.00,0.00,754.00,4.00,120,-120
3283,8000,8.00,0.00,0.00,754.00,4.00,120,-120
3285,8000,8.00,0.00,0.00,754.00,4.00,120,-120
3286,8000,8.00,0.00,0.00,754.00,4.00,120,-120
3292,8000,8.00,0.00,0.00,754.00,4.00,120,-120
3293,8000,8.00,0.00,0.00,754.00,4.00,120,-120
3295,8000,8.00,0.00,0.00,754.00,4.00,120,-120
3296,8000,8.00,0.00,0.00,754.00,4.00,120,-120
3297,8000,8.00,0.00,0.00,754.00,4.00,120,-120
3298,4,8.00,0.00,0.00,754.00,4.00,178,162
3300,4,8.00,0.00,0.00,758.00,4.00,178,162
3306,4,8.00,0.00,0.00,762.00,4.00,178,162
3307,4,8.00,0.00,0.00,766.00,4.00,178,162
3308,4,8.00,0.00,0.00,770.00,4.00,178,162
3310,4,8.00,0.00,0.00,774.00,4.00,178,162
3311,4,8.00,0.00,0.00,778.00,4.00,178,162
3312,4,8.00,0.00,0.00,782.00,4.00,178,162
3313,4,8.00,0.00,0.00,786.00,4.00,178,162
3314,4,8.00,0.00,0.00,790.00,4.00,178,162
3321,4,8.00,0.00,0.00,794.00,4.00,178,162
3322,4,8.00,0.00,0.00,798.00,4.00,178,162
3323,4,8.00,0.00,0.00,802.00,4.00,178,162
3324,4,8.00,0.00,0.00,806.00,4.00,178,162
3326,4,8.00,0.00,0.00,810.00,4.00,178,162
3327,4,8.00,0.00,0.00,814.00,4.00,178,162
3328,4,8.00,0.00,0.00,818.00,4.00,178,162
3329,4,8.00,0.00,0.00,822.00,4.00,178,162
3336,4,8.00,0.00,0.00,826.00,4.00,178,162
3337,4,8.00,0.00,0.00,830.00,4.00,178,162
3338,4,8.00,0.00,0.00,834.00,4.00,178,162
3339,4,8.00,0.00,0.00,838.00,4.00,178,162
3340,4,8.00,0.00,0.00,842.00,4.00,178,162
3342,4,8.00,0.00,0.00,846.00,4.00,178,162
3343,4,8.00,0.00,0.00,850.00,4.00,1780,0.00,858.00,4.00,178,162
3352,4,8.00,0.00,0.00,862.00,4.00,17,162
3344,4,8.00,0.00,0.00,854.00,4.00,178,162
3350,4,8.00,0.08,162
3353,4,8.00,0.00,0.00,866.00,4.00,178,162
3354,4,8.00,0.00,0.00,870.00,4.00,178,162
3355,4,8.00,0.00,0.00,874.00,4.00,178,162
3357,4,8.00,0.00,0.00,878.00,4.00,178,162
3358,4,8.00,0.00,0.00,882.00,4.00,178,162
3359,4,8.00,0.00,0.00,886.00,4.00,178,162
3365,4,8.00,0.00,0.00,890.00,4.00,178,162
3366,4,8.00,0.00,0.00,894.00,4.00,178,162
3368,4,8.00,0.00,0.00,898.00,4.00,178,162
3369,4,8.00,0.00,0.00,902.00,4.00,178,162
3370,4,8.00,0.00,0.00,906.00,4.00,178,162
3371,4,8.00,0.00,0.00,910.00,4.00,178,162
3373,4,8.00,0.00,0.00,914.00,4.00,178,162
3379,4,8.00,0.00,0.00,918.00,4.00,178,162
3380,4,8.00,0.00,0.00,922.00,4.00,178,162
3381,4,8.00,0.00,0.00,926.00,4.00,178,162
3383,4,8.00,0.00,0.00,930.00,4.00,178,162
3384,4,8.00,0.00,0.00,934.00,4.00,178,162
3385,4,8.00,0.00,0.00,938.00,4.00,178,162
3386,4,8.00,0.00,0.00,942.00,4.00,178,162
3387,4,8.00,0.00,0.00,946.00,4.00,178,162
3394,2,4.00,0.00,0.00,950.00,4.00,174,166
3395,2,4.00,0.00,0.00,952.00,2.00,174,166
3396,2,4.00,0.00,0.00,954.00,2.00,174,166
3397,2,4.00,0.00,0.00,956.00,2.00,174,166
3399,2,4.00,0.00,0.00,958.00,2.00,174,166
3400,4,8.00,0.00,0.00,960.00,2.00,178,162
3401,4,8.00,0.00,0.00,964.00,4.00,178,162
3402,4,8.00,0.00,0.00,968.00,4.00,178,162
3409,4,8.00,0.00,0.00,972.00,4.00,178,162
3410,4,8.00,0.00,0.00,976.00,4.00,178,162
3411,4,8.00,0.00,0.00,980.00,4.00,178,162
3412,4,8.00,0.00,0.00,984.00,4.00,178,162
3413,4,8.00,0.00,0.00,988.00,4.00,178,162
3415,4,8.00,0.00,0.00,992.00,4.00,178,162
3416,4,8.00,0.00,0.00,996.00,4.00,178,162
3417,4,8.00,0.00,0.00,1000.00,4.00,178,162
3423,4,8.00,0.00,0.00,1004.00,4.00,178,162
3425,4,8.00,0.00,0.00,1008.00,4.00,178,162
3426,4,8.00,0.00,0.00,1012.00,4.00,178,162
3427,4,8.00,0.00,0.00,1016.00,4.00,178,162
3428,4,8.00,0.00,0.00,1020.00,4.00,178,162
3430,4,8.00,0.00,0.00,1024.00,4.00,178,162
3431,4,8.00,0.00,0.00,1028.00,4.00,178,162
3437,8000,8.00,0.00,0.00,1032.00,4.00,120,-120
3438,8000,8.00,0.00,0.00,1032.00,4.00,120,-120
3440,8000,8.00,0.00,0.00,1032.00,4.00,120,-120
3441,8000,8.00,0.00,0.00,1032.00,4.00,120,-120
3442,8000,8.00,0.00,0.00,1032.00,4.00,120,-120
3443,8000,8.00,0.00,0.00,1032.00,4.00,120,-120
3450,8000,8.00,0.00,0.00,1032.00,4.00,120,-120
3451,8000,8.00,0.00,0.00,1032.00,4.00,120,-120
3452,8000,8.00,0.00,0.00,1032.00,4.00,120,-120
3453,8000,8.00,0.00,0.00,1032.00,4.00,120,-120
3455,8000,8.00,0.00,0.00,1032.00,4.00,120,-120
3456,8000,8.00,0.00,0.00,1032.00,4.00,120,-120
3462,8000,8.00,0.00,0.00,1032.00,4.00,120,-120
3463,8000,8.00,0.00,0.00,1032.00,4.00,120,-120
3465,8000,8.00,0.00,0.00,1032.00,4.00,120,-120
3466,8000,8.00,0.00,0.00,1032.00,4.00,120,-120
3467,8000,8.00,0.00,0.00,1032.00,4.00,120,-120
3468,8000,8.00,0.00,0.00,1032.00,4.00,120,-120
3475,8000,8.00,0.00,0.00,1032.00,4.00,120,-120
3476,8000,8.00,0.00,0.00,1032.00,4.00,120,-120
3477,8000,8.00,0.00,0.00,1032.00,4.00,120,-120
3479,8000,8.00,0.00,0.00,1032.00,4.00,120,-120
3480,8000,8.00,0.00,0.00,1032.00,4.00,120,-120
3481,8000,8.00,0.00,0.00,1032.00,4.00,120,-120
3487,8000,8.00,0.00,0.00,1032.00,4.00,120,-120
3489,8000,8.00,0.00,0.00,1032.00,4.00,120,-120
3490,8000,8.00,0.00,0.00,1032.00,4.00,120,-120
3491,8000,8.00,0.00,0.00,1032.00,4.00,120,-120
3492,8000,8.00,0.00,0.00,1032.00,4.00,120,-120
3494,8000,8.00,0.00,0.00,1032.00,4.00,120,-120
3500,8000,8.00,0.00,0.00,1032.00,4.00,120,-120
3501,8000,8.00,0.00,0.00,1032.00,4.00,120,-120
3502,8000,8.00,0.00,0.00,1032.00,4.00,120,-120
3504,8000,8.00,0.00,0.00,1032.00,4.00,120,-120
3505,8000,8.00,0.00,0.00,1032.00,4.00,120,-120
3506,8000,8.00,0.00,0.00,1032.00,4.00,120,-120
3513,8000,8.00,0.00,0.00,1032.00,4.00,120,-120
3514,8000,8.00,0.00,0.00,1032.00,4.00,120,-120
3515,8000,8.00,0.00,0.00,1032.00,4.00,120,-120
3516,8000,8.00,0.00,0.00,1032.00,4.00,120,-120
3518,8000,8.00,0.00,0.00,1032.00,4.00,120,-120
3519,8000,8.00,0.00,0.00,1032.00,4.00,120,-120
3525,8000,8.00,0.00,0.00,1032.00,4.00,120,-120
3526,8000,8.00,0.00,0.00,1032.00,4.00,120,-120
3528,8000,8.00,0.00,0.00,1032.00,4.00,120,-120
3529,8000,8.00,0.00,0.00,1032.00,4.00,120,-120
3530,8000,8.00,0.00,0.00,1032.00,4.00,120,-120
3531,8000,8.00,0.00,0.00,1032.00,4.00,120,-120
3538,8000,8.00,0.00,0.00,1032.00,4.00,120,-120
3539,8000,8.00,0.00,0.00,1032.00,4.00,120,-120
3540,8000,8.00,0.00,0.00,1032.00,4.00,120,-120
3542,8000,8.00,0.00,0.00,1032.00,4.00,120,-120
3543,8000,8.00,0.00,0.00,1032.00,4.00,120,-120
3544,8000,8.00,0.00,0.00,1032.00,4.00,120,-120
3550,8000,8.00,0.00,0.00,1032.00,4.00,120,-120
3552,8000,8.00,0.00,0.00,1032.00,4.00,120,-120
3553,8000,8.00,0.00,0.00,1032.00,4.00,120,-120
3554,8000,8.00,0.00,0.00,1032.00,4.00,120,-120
3555,8000,8.00,0.00,0.00,1032.00,4.00,120,-120
3557,8000,8.00,0.00,0.00,1032.00,4.00,120,-120
3563,8000,8.00,0.00,0.00,1032.00,4.00,120,-120
3564,8000,8.00,0.00,0.00,1032.00,4.00,120,-120
3565,8000,8.00,0.00,0.00,1032.00,4.00,120,-120
3567,8000,8.00,0.00,0.00,1032.00,4.00,120,-120
3568,8000,8.00,0.00,0.00,1032.00,4.00,120,-120
3569,8000,8.00,0.00,0.00,1032.00,4.00,120,-120
3576,8000,8.00,0.00,0.00,1032.00,4.00,120,-120
3577,8000,8.00,0.00,0.00,1032.00,4.00,120,-120
3578,8000,8.00,0.00,0.00,1032.00,4.00,120,-120
3579,8000,8.00,0.00,0.00,1032.00,4.00,120,-120
3581,8000,8.00,0.00,0.00,1032.00,4.00,120,-120
3582,8000,8.00,0.00,0.00,1032.00,4.00,120,-120
3588,8000,8.00,0.00,0.00,1032.00,4.00,120,-120
3589,8000,8.00,0.00,0.00,1032.00,4.00,120,-120
3591,8000,8.00,0.00,0.00,1032.00,4.00,120,-120
3592,8000,8.00,0.00,0.00,1032.00,4.00,120,-120
3593,8000,8.00,0.00,0.00,1032.00,4.00,120,-120
3594,8000,8.00,0.00,0.00,1032.00,4.00,120,-120
3601,8000,8.00,0.00,0.00,1032.00,4.00,120,-120
3602,8000,8.00,0.00,0.00,1032.00,4.00,120,-120
3603,8000,8.00,0.00,0.00,1032.00,4.00,120,-120
3604,8000,8.00,0.00,0.00,1032.00,4.00,120,-120
3606,8000,8.00,0.00,0.00,1032.00,4.00,120,-120
3607,8000,8.00,0.00,0.00,1032.00,4.00,120,-120
3613,8000,8.00,0.00,0.00,1032.00,4.00,120,-120
3615,8000,8.00,0.00,0.00,1032.00,4.00,120,-120
3616,8000,8.00,0.00,0.00,1032.00,4.00,120,-120
3617,8000,8.00,0.00,0.00,1032.00,4.00,120,-120
3618,8000,8.00,0.00,0.00,1032.00,4.00,120,-120
3620,8000,8.00,0.00,0.00,1032.00,4.00,120,-120
3626,8000,8.00,0.00,0.00,1032.00,4.00,120,-120
3627,8000,8.00,0.00,0.00,1032.00,4.00,120,-120
3628,8000,8.00,0.00,0.00,1032.00,4.00,120,-120
3630,8000,8.00,0.00,0.00,1032.00,4.00,120,-120
3631,8000,8.00,0.00,0.00,1032.00,4.00,120,-120
3632,8000,8.00,0.00,0.00,1032.00,4.00,120,-120
3638,8000,8.00,0.00,0.00,1032.00,4.00,120,-120
3640,8000,8.00,0.00,0.00,1032.00,4.00,120,-120
3641,8000,8.00,0.00,0.00,1032.00,4.00,120,-120
3642,8000,8.00,0.00,0.00,1032.00,4.00,120,-120
3643,8000,8.00,0.00,0.00,1032.00,4.00,120,-120
3645,8000,8.00,0.00,0.00,1032.00,4.00,120,-120
3651,8000,8.00,0.00,0.00,1032.00,4.00,120,-120
3652,8000,8.00,0.00,0.00,1032.00,4.00,120,-120
3654,8000,8.00,0.00,0.00,1032.00,4.00,120,-120
3655,8000,8.00,0.00,0.00,1032.00,4.00,120,-120
3656,8000,8.00,0.00,0.00,1032.00,4.00,120,-120
3657,8000,8.00,0.00,0.00,1032.00,4.00,120,-120
3664,8000,8.00,0.00,0.00,1032.00,4.00,120,-120
3665,8000,8.00,0.00,0.00,1032.00,4.00,120,-120
3666,8000,8.00,0.00,0.00,1032.00,4.00,120,-120
3667,8000,8.00,0.00,0.00,1032.00,4.00,120,-120
3669,8000,8.00,0.00,0.00,1032.00,4.00,120,-120
3670,8000,8.00,0.00,0.00,1032.00,4.00,120,-120
3676,8000,8.00,0.00,0.00,1032.00,4.00,120,-120
3677,8000,8.00,0.00,0.00,1032.00,4.00,120,-120
3679,8000,8.00,0.00,0.00,1032.00,4.00,120,-120
3680,8000,8.00,0.00,0.00,1032.00,4.00,120,-120
3681,8000,8.00,0.00,0.00,1032.00,4.00,120,-120
3682,8000,8.00,0.00,0.00,1032.00,4.00,120,-120
3689,8000,8.00,0.00,0.00,1032.00,4.00,120,-120
3690,8000,8.00,0.00,0.00,1032.00,4.00,120,-120
3691,8000,8.00,0.00,0.00,1032.00,4.00,120,-120
3693,8000,8.00,0.00,0.00,1032.00,4.00,120,-120
3694,8000,8.00,0.00,0.00,1032.00,4.00,120,-120
3695,8000,8.00,0.00,0.00,1032.00,4.00,120,-120
3701,8000,8.00,0.00,0.00,1032.00,4.00,120,-120
3703,8000,8.00,0.00,0.00,1032.00,4.00,120,-120
3704,8000,8.00,0.00,0.00,1032.00,4.00,120,-120
3705,8000,8.00,0.00,0.00,1032.00,4.00,120,-120
3706,8000,8.00,0.00,0.00,1032.00,4.00,120,-120
3708,8000,8.00,0.00,0.00,1032.00,4.00,120,-120
3714,8000,8.00,0.00,0.00,1032.00,4.00,120,-120
3715,8000,8.00,0.00,0.00,1032.00,4.00,120,-120
3716,8000,8.00,0.00,0.00,1032.00,4.00,120,-120
3718,8000,8.00,0.00,0.00,1032.00,4.00,120,-120
3719,8000,8.00,0.00,0.00,1032.00,4.00,120,-120
3720,8000,8.00,0.00,0.00,1032.00,4.00,120,-120
3727,8000,8.00,0.00,0.00,1032.00,4.00,120,-120
3728,8000,8.00,0.00,0.00,1032.00,4.00,120,-120
3729,8000,8.00,0.00,0.00,1032.00,4.00,120,-120
3730,8000,8.00,0.00,0.00,1032.00,4.00,120,-120
3732,8000,8.00,0.00,0.00,1032.00,4.00,120,-120
3733,8000,8.00,0.00,0.00,1032.00,4.00,120,-120
3739,8000,8.00,0.00,0.00,1032.00,4.00,120,-120
3740,8000,8.00,0.00,0.00,1032.00,4.00,120,-120
3742,8000,8.00,0.00,0.00,1032.00,4.00,120,-120
3743,8000,8.00,0.00,0.00,1032.00,4.00,120,-120
3744,8000,8.00,0.00,0.00,1032.00,4.00,120,-120
3745,8000,8.00,0.00,0.00,1032.00,4.00,120,-120
3752,-4,-8.00,0.00,0.00,1032.00,4.00,162,178
3753,-4,-8.00,0.00,0.00,1028.00,-4.00,162,178
3754,-4,-8.00,0.00,0.00,1024.00,-4.00,162,178
3756,8000,-8.00,0.00,0.00,1020.00,-4.00,-120,120
3757,8000,-8.00,0.00,0.00,1020.00,-4.00,-120,120
3758,8000,-8.00,0.00,0.00,1020.00,-4.00,-120,120
3759,8000,-8.00,0.00,0.00,1020.00,-4.00,-120,120
3766,8000,-8.00,0.00,0.00,1020.00,-4.00,-120,120
3767,8000,-8.00,0.00,0.00,1020.00,-4.00,-120,120
3768,8000,-8.00,0.00,0.00,1020.00,-4.00,-120,120
3770,8000,-8.00,0.00,0.00,1020.00,-4.00,-120,120
3771,8000,-8.00,0.00,0.00,1020.00,-4.00,-120,120
3777,8000,-8.00,0.00,0.00,1020.00,-4.00,-120,120
3779,8000,-8.00,0.00,0.00,1020.00,-4.00,-120,120
3780,8000,-8.00,0.00,0.00,1020.00,-4.00,-120,120
3781,8000,-8.00,0.00,0.00,1020.00,-4.00,-120,120
3782,8000,-8.00,0.00,0.00,1020.00,-4.00,-120,120
3784,8000,-8.00,0.00,0.00,1020.00,-4.00,-120,120
3790,8000,-8.00,0.00,0.00,1020.00,-4.00,-120,120
3791,8000,-8.00,0.00,0.00,1020.00,-4.00,-120,120
3793,8000,-8.00,0.00,0.00,1020.00,-4.00,-120,120
3794,8000,-8.00,0.00,0.00,1020.00,-4.00,-120,120
3795,8000,-8.00,0.00,0.00,1020.00,-4.00,-120,120
3797,8000,-8.00,0.00,0.00,1020.00,-4.00,-120,120
3803,8000,-8.00,0.00,0.00,1020.00,-4.00,-120,120
3804,8000,-8.00,0.00,0.00,1020.00,-4.00,-120,120
3805,8000,-8.00,0.00,0.00,1020.00,-4.00,-120,120
3807,8000,-8.00,0.00,0.00,1020.00,-4.00,-120,120
3808,8000,-8.00,0.00,0.00,1020.00,-4.00,-120,120
3809,8000,-8.00,0.00,0.00,1020.00,-4.00,-120,120
3816,8000,-8.00,0.00,0.00,1020.00,-4.00,-120,120
3817,8000,-8.00,0.00,0.00,1020.00,-4.00,-120,120
3818,8000,-8.00,0.00,0.00,1020.00,-4.00,-120,120
3820,8000,-8.00,0.00,0.00,1020.00,-4.00,-120,120
3821,8000,-8.00,0.00,0.00,1020.00,-4.00,-120,120
3827,8000,-8.00,0.00,0.00,1020.00,-4.00,-120,120
3829,8000,-8.00,0.00,0.00,1020.00,-4.00,-120,120
3830,8000,-8.00,0.00,0.00,1020.00,-4.00,-120,120
3831,8000,-8.00,0.00,0.00,1020.00,-4.00,-120,120
3832,8000,-8.00,0.00,0.00,1020.00,-4.00,-120,120
3834,8000,-8.00,0.00,0.00,1020.00,-4.00,-120,120
3840,8000,-8.00,0.00,0.00,1020.00,-4.00,-120,120
3841,8000,-8.00,0.00,0.00,1020.00,-4.00,-120,120
3843,8000,-8.00,0.00,0.00,1020.00,-4.00,-120,120
3844,8000,-8.00,0.00,0.00,1020.00,-4.00,-120,120
3845,8000,-8.00,0.00,0.00,1020.00,-4.00,-120,120
3846,8000,-8.00,0.00,0.00,1020.00,-4.00,-120,120
3853,8000,-8.00,0.00,0.00,1020.00,-4.00,-120,120
3854,8000,-8.00,0.00,0.00,1020.00,-4.00,-120,120
3855,8000,-8.00,0.00,0.00,1020.00,-4.00,-120,120
3857,8000,-8.00,0.00,0.00,1020.00,-4.00,-120,120
3858,8000,-8.00,0.00,0.00,1020.00,-4.00,-120,120
3859,8000,-8.00,0.00,0.00,1020.00,-4.00,-120,120
3866,8000,-8.00,0.00,0.00,1020.00,-4.00,-120,120
3867,8000,-8.00,0.00,0.00,1020.00,-4.00,-120,120
3868,8000,-8.00,0.00,0.00,1020.00,-4.00,-120,120
3869,8000,-8.00,0.00,0.00,1020.00,-4.00,-120,120
3871,8000,-8.00,0.00,0.00,1020.00,-4.00,-120,120
3877,8000,-8.00,0.00,0.00,1020.00,-4.00,-120,120
3878,8000,-8.00,0.00,0.00,1020.00,-4.00,-120,120
3880,8000,-8.00,0.00,0.00,1020.00,-4.00,-120,120
3881,8000,-8.020.00,-4.00,-120,120
3884,8000,-8.00,0.00,0.00,1020.00,-4.00,-00,0.00,0.00,1020.00,-4.00,-120,120
3882,8000,-8.00,0.00,0.00,1120,120
3890,8000,-8.00,0.00,0.00,1020.00,-4.00,-120,120
3891,8000,-8.00,0.00,0.00,1020.00,-4.00,-120,120
3892,8000,-8.00,0.00,0.00,1020.00,-4.00,-120,120
3894,8000,-8.00,0.00,0.00,1020.00,-4.00,-120,120
3895,8000,-8.00,0.00,0.00,1020.00,-4.00,-120,120
3896,8000,-8.00,0.00,0.00,1020.00,-4.00,-120,120
3903,8000,-8.00,0.00,0.00,1020.00,-4.00,-120,120
3904,8000,-8.00,0.00,0.00,1020.00,-4.00,-120,120
3905,8000,-8.00,0.00,0.00,1020.00,-4.00,-120,120
3907,8000,-8.00,0.00,0.00,1020.00,-4.00,-120,120
3908,8000,-8.00,0.00,0.00,1020.00,-4.00,-120,120
3909,8000,-8.00,0.00,0.00,1020.00,-4.00,-120,120
3915,-2,-4.00,0.00,0.00,1020.00,-4.00,166,174
3917,-2,-4.00,0.00,0.00,1018.00,-2.00,166,174
3918,-2,-4.00,0.00,0.00,1016.00,-2.00,166,174
3919,-2,-4.00,0.00,0.00,1014.00,-2.00,166,174
3921,-2,-4.00,0.00,0.00,1012.00,-2.00,166,174
3922,-2,-4.00,0.00,0.00,1010.00,-2.00,166,174
3928,0,0.00,0.00,0.00,1008.00,-2.00,170,170
3930,0,0.00,0.00,0.00,1008.00,0.00,170,170
3931,0,0.00,0.00,0.00,1008.00,0.00,170,170
3932,0,0.00,0.00,0.00,1008.00,0.00,170,170
3933,0,0.00,0.00,0.00,1008.00,0.00,170,170
3934,0,0.00,0.00,0.00,1008.00,0.00,170,170
3936,0,0.00,0.00,0.00,1008.00,0.00,170,170
3942,2,4.00,0.00,0.00,1008.00,0.00,174,166
3943,2,4.00,0.00,0.00,1010.00,2.00,174,166
3944,2,4.00,0.00,0.00,1012.00,2.00,174,166
3946,2,4.00,0.00,0.00,1014.00,2.00,174,166
3947,2,4.00,0.00,0.00,1016.00,2.00,174,166
3948,2,4.00,0.00,0.00,1018.00,2.00,174,166
3949,2,4.00,0.00,0.00,1020.00,2.00,174,166
3950,2,4.00,0.00,0.00,1022.00,2.00,174,166
3957,2,4.00,0.00,0.00,1024.00,2.00,174,166
3958,2,4.00,0.00,0.00,1026.00,2.00,174,166
3959,2,4.00,0.00,0.00,1028.00,2.00,174,166
3960,2,4.00,0.00,0.00,1030.00,2.00,174,166
3962,2,4.00,0.00,0.00,1032.00,2.00,174,166
3963,2,4.00,0.00,0.00,1034.00,2.00,174,166
3964,8000,4.00,0.00,0.00,1036.00,2.00,120,-120
3970,8000,4.00,0.00,0.00,1036.00,2.00,120,-120
3972,8000,4.00,0.00,0.00,1036.00,2.00,120,-120
3973,8000,4.00,0.00,0.00,1036.00,2.00,120,-120
3974,8000,4.00,0.00,0.00,1036.00,2.00,120,-120
3975,8000,4.00,0.00,0.00,1036.00,2.00,120,-120
3977,8000,4.00,0.00,0.00,1036.00,2.00,120,-120
3983,8000,4.00,0.00,0.00,1036.00,2.00,120,-120
3984,8000,4.00,0.00,0.00,1036.00,2.00,120,-120
3986,8000,4.00,0.00,0.00,1036.00,2.00,120,-120
3987,8000,4.00,0.00,0.00,1036.00,2.00,120,-120
3988,8000,4.00,0.00,0.00,1036.00,2.00,120,-120
3989,8000,4.00,0.00,0.00,1036.00,2.00,120,-120
3996,8000,4.00,0.00,0.00,1036.00,2.00,120,-120
3997,8000,4.00,0.00,0.00,1036.00,2.00,120,-120
3998,8000,4.00,0.00,0.00,1036.00,2.00,120,-120
3999,8000,4.00,0.00,0.00,1036.00,2.00,120,-120
4001,8000,4.00,0.00,0.00,1036.00,2.00,120,-120
4002,8000,4.00,0.00,0.00,1036.00,2.00,120,-120
4008,8000,4.00,0.00,0.00,1036.00,2.00,120,-120
4009,8000,4.00,0.00,0.00,1036.00,2.00,120,-120
4011,8000,4.00,0.00,0.00,1036.00,2.00,120,-120
4012,8000,4.00,0.00,0.00,1036.00,2.00,120,-120
4013,8000,4.00,0.00,0.00,1036.00,2.00,120,-120
4014,8000,4.00,0.00,0.00,1036.00,2.00,120,-120
4021,8000,4.00,0.00,0.00,1036.00,2.00,120,-120
4022,8000,4.00,0.00,0.00,1036.00,2.00,120,-120
4023,8000,4.00,0.00,0.00,1036.00,2.00,120,-120
4025,8000,4.00,0.00,0.00,1036.00,2.00,120,-120
4026,8000,4.00,0.00,0.00,1036.00,2.00,120,-120
4027,8000,4.00,0.00,0.00,1036.00,2.00,120,-120
4033,8000,4.00,0.00,0.00,1036.00,2.00,120,-120
4035,8000,4.00,0.00,0.00,1036.00,2.00,120,-120
4036,8000,4.00,0.00,0.00,1036.00,2.00,120,-120
4037,8000,4.00,0.00,0.00,1036.00,2.00,120,-120
4038,8000,4.00,0.00,0.00,1036.00,2.00,120,-120
4040,8000,4.00,0.00,0.00,1036.00,2.00,120,-120
4046,4,8.00,0.00,0.00,1036.00,2.00,178,162
4047,4,8.00,0.00,0.00,1040.00,4.00,178,162
4048,4,8.00,0.00,0.00,1044.00,4.00,178,162
4050,4,8.00,0.00,0.00,1048.00,4.00,178,162
4051,4,8.00,0.00,0.00,1052.00,4.00,178,162
4052,4,8.00,0.00,0.00,1056.00,4.00,178,162
4053,8000,8.00,0.00,0.00,1060.00,4.00,120,-120
4054,8000,8.00,0.00,0.00,1060.00,4.00,120,-120
4061,2,4.00,0.00,0.00,1060.00,4.00,174,166
4062,2,4.00,0.00,0.00,1062.00,2.00,174,166
4063,2,4.00,0.00,0.00,1064.00,2.00,174,166
4065,2,4.00,0.00,0.00,1066.00,2.00,174,166
4066,2,4.00,0.00,0.00,1068.00,2.00,174,166
4067,2,4.00,0.00,0.00,1070.00,2.00,174,166
4068,2,4.00,0.00,0.00,1072.00,2.00,174,166
4074,2,4.00,0.00,0.00,1074.00,2.00,174,166
4076,0,0.00,0.00,0.00,1076.00,2.00,170,170
4077,0,0.00,0.00,0.00,1076.00,0.00,170,170
4078,0,0.00,0.00,0.00,1076.00,0.00,170,170
4079,0,0.00,0.00,0.00,1076.00,0.00,170,170
4081,0,0.00,0.00,0.00,1076.00,0.00,170,170
4082,0,0.00,0.00,0.00,1076.00,0.00,170,170
4088,0,0.00,0.00,0.00,1076.00,0.00,170,170
4089,0,0.00,0.00,0.00,1076.00,0.00,170,170
4091,0,0.00,0.00,0.00,1076.00,0.00,170,170
4092,0,0.00,0.00,0.00,1076.00,0.00,170,170
4093,0,0.00,0.00,0.00,1076.00,0.00,170,170
4094,0,0.00,0.00,0.00,1076.00,0.00,170,170
4095,0,0.00,0.00,0.00,1076.00,0.00,170,170
4102,-2,-4.00,0.00,0.00,1076.00,0.00,166,174
4103,-2,-4.00,0.00,0.00,1074.00,-2.00,166,174
4104,-2,-4.00,0.00,0.00,1072.00,-2.00,166,174
4106,-2,-4.00,0.00,0.00,1070.00,-2.00,166,174
4107,-2,-4.00,0.00,0.00,1068.00,-2.00,166,174
4108,-2,-4.00,0.00,0.00,1066.00,-2.00,166,174
4109,-2,-4.00,0.00,0.00,1064.00,-2.00,166,174
4116,-2,-4.00,0.00,0.00,1062.00,-2.00,166,174
4117,-2,-4.00,0.00,0.00,1060.00,-2.00,166,174
4118,-2,-4.00,0.00,0.00,1058.00,-2.00,166,174
4120,-2,-4.00,0.00,0.00,1056.00,-2.00,166,174
4121,-2,-4.00,0.00,0.00,1054.00,-2.00,166,174
4122,-2,-4.00,0.00,0.00,1052.00,-2.00,166,174
4123,-2,-4.00,0.00,0.00,1050.00,-2.00,166,174
4130,8000,-4.00,0.00,0.00,1048.00,-2.00,-120,120
4131,8000,-4.00,0.00,0.00,1048.00,-2.00,-120,120
4132,8000,-4.00,0.00,0.00,1048.00,-2.00,-120,120
4134,8000,-4.00,0.00,0.00,1048.00,-2.00,-120,120
4135,8000,-4.00,0.00,0.00,1048.00,-2.00,-120,120
4136,8000,-4.00,0.00,0.00,1048.00,-2.00,-120,120
4143,-4,-8.00,0.00,0.00,1048.00,-2.00,162,178
4144,-4,-8.00,0.00,0.00,1044.00,-4.00,162,178
4145,-4,-8.00,0.00,0.00,1040.00,-4.00,162,178
4146,-4,-8.00,0.00,0.00,1036.00,-4.00,162,178
4148,-4,-8.00,0.00,0.00,1032.00,-4.00,162,178
4149,8000,-8.00,0.00,0.00,1028.00,-4.00,-120,120
4155,8000,-8.00,0.00,0.00,1028.00,-4.00,-120,120
4157,8000,-8.00,0.00,0.00,1028.00,-4.00,-120,120
4158,8000,-8.00,0.00,0.00,1028.00,-4.00,-120,120
4159,8000,-8.00,0.00,0.00,1028.00,-4.00,-120,120
4161,8000,-8.00,0.00,0.00,1028.00,-4.00,-120,120
4162,8000,-8.00,0.00,0.00,1028.00,-4.00,-120,120
4168,8000,-8.00,0.00,0.00,1028.00,-4.00,-120,120
4169,8000,-8.00,0.00,0.00,1028.00,-4.00,-120,120
4171,8000,-8.00,0.00,0.00,1028.00,-4.00,-120,120
4172,8000,-8.00,0.00,0.00,1028.00,-4.00,-120,120
4173,8000,-8.00,0.00,0.00,1028.00,-4.00,-120,120
4175,8000,-8.00,0.00,0.00,1028.00,-4.00,-120,120
4181,8000,-8.00,0.00,0.00,1028.00,-4.00,-120,120
4182,8000,-8.00,0.00,0.00,1028.00,-4.00,-120,120
4184,8000,-8.00,0.00,0.00,1028.00,-4.00,-120,120
4185,8000,-8.00,0.00,0.00,1028.00,-4.00,-120,120
4186,8000,-8.00,0.00,0.00,1028.00,-4.00,-120,120
4192,8000,-8.00,0.00,0.00,1028.00,-4.00,-120,120
4194,8000,-8.00,0.00,0.00,1028.00,-4.00,-120,120
4195,8000,-8.00,0.00,0.00,1028.00,-4.00,-120,120
4196,8000,-8.00,0.00,0.00,1028.00,-4.00,-120,120
4198,8000,-8.00,0.00,0.00,1028.00,-4.00,-120,120
4199,8000,-8.00,0.00,0.00,1028.00,-4.00,-120,120
4205,8000,-8.00,0.00,0.00,1028.00,-4.00,-120,120
4207,8000,-8.00,0.00,0.00,1028.00,-4.00,-120,120
4208,8000,-8.00,0.00,0.00,1028.00,-4.00,-120,120
4209,8000,-8.00,0.00,0.00,1028.00,-4.00,-120,120
4210,8000,-8.00,0.00,0.00,1028.00,-4.00,-120,120
4212,8000,-8.00,0.00,0.00,1028.00,-4.00,-120,120
4218,-2,-4.00,0.00,0.00,1028.00,-4.00,166,174
4219,-2,-4.00,0.00,0.00,1026.00,-2.00,166,174
4221,-2,-4.00,0.00,0.00,1024.00,-2.00,166,174
4222,-2,-4.00,0.00,0.00,1022.00,-2.00,166,174
4223,-2,-4.00,0.00,0.00,1020.00,-2.00,166,174
4224,4.00,0.00,0.00,1010.00,-2.00,166,174
4236,-2,-4.00,0.00,0.00,100,1016.00,-2.00,166,174
4232,-2,-4.00,0.00,0.00,1014.00,-2.00,166,174
4233,-2,-4.00,0.00,0.00,1012.00,-2.00,166,174
4235,-2,--2,-4.00,0.00,0.00,1018.00,-2.00,166,174
4231,-2,-4.00,0.00,0.008.00,-2.00,166,174
4237,-2,-4.00,0.00,0.00,1006.00,-2.00,166,174
4239,-2,-4.00,0.00,0.00,1004.00,-2.00,166,174
4245,0,0.00,0.00,0.00,1002.00,-2.00,170,170
4246,0,0.00,0.00,0.00,1002.00,0.00,170,170
4247,0,0.00,0.00,0.00,1002.00,0.00,170,170
4249,0,0.00,0.00,0.00,1002.00,0.00,170,170
4250,0,0.00,0.00,0.00,1002.00,0.00,170,170
4251,0,0.00,0.00,0.00,1002.00,0.00,170,170
4252,0,0.00,0.00,0.00,1002.00,0.00,170,170
4259,0,0.00,0.00,0.00,1002.00,0.00,170,170
4260,0,0.00,0.00,0.00,1002.00,0.00,170,170
4261,0,0.00,0.00,0.00,1002.00,0.00,170,170
4262,0,0.00,0.00,0.00,1002.00,0.00,170,170
4263,0,0.00,0.00,0.00,1002.00,0.00,170,170
4265,0,0.00,0.00,0.00,1002.00,0.00,170,170
4266,0,0.00,0.00,0.00,1002.00,0.00,170,170
4267,0,0.00,0.00,0.00,1002.00,0.00,170,170
4273,2,4.00,0.00,0.00,1002.00,0.00,174,166
4275,2,4.00,0.00,0.00,1004.00,2.00,174,166
4276,2,4.00,0.00,0.00,1006.00,2.00,174,166
4277,2,4.00,0.00,0.00,1008.00,2.00,174,166
4278,2,4.00,0.00,0.00,1010.00,2.00,174,166
4280,2,4.00,0.00,0.00,1012.00,2.00,174,166
4281,2,4.00,0.00,0.00,1014.00,2.00,174,166
4287,2,4.00,0.00,0.00,1016.00,2.00,174,166
4288,2,4.00,0.00,0.00,1018.00,2.00,174,166
4290,2,4.00,0.00,0.00,1020.00,2.00,174,166
4291,2,4.00,0.00,0.00,1022.00,2.00,174,166
4292,2,4.00,0.00,0.00,1024.00,2.00,174,166
4293,2,4.00,0.00,0.00,1026.00,2.00,174,166
4294,2,4.00,0.00,0.00,1028.00,2.00,174,166
4301,2,4.00,0.00,0.00,1030.00,2.00,174,166
4302,2,4.00,0.00,0.00,1032.00,2.00,174,166
4303,2,4.00,0.00,0.00,1034.00,2.00,174,166
4304,2,4.00,0.00,0.00,1036.00,2.00,174,166
4306,4,8.00,0.00,0.00,1038.00,2.00,178,162
4307,4,8.00,0.00,0.00,1042.00,4.00,178,162
4308,4,8.00,0.00,0.00,1046.00,4.00,178,162
4309,2,4.00,0.00,0.00,1050.00,4.00,174,166
4316,4,8.00,0.00,0.00,1052.00,2.00,178,162
4317,4,8.00,0.00,0.00,1056.00,4.00,178,162
4318,4,8.00,0.00,0.00,1060.00,4.00,178,162
4319,4,8.00,0.00,0.00,1064.00,4.00,178,162
4320,4,8.00,0.00,0.00,1068.00,4.00,178,162
4322,4,8.00,0.00,0.00,1072.00,4.00,178,162
4323,4,8.00,0.00,0.00,1076.00,4.00,178,162
4329,0,0.00,0.00,0.00,1080.00,4.00,170,170
4330,0,0.00,0.00,0.00,1080.00,0.00,170,170
4332,0,0.00,0.00,0.00,1080.00,0.00,170,170
4333,0,0.00,0.00,0.00,1080.00,0.00,170,170
4334,8000,0.00,0.00,0.00,1080.00,0.00,120,-120
4335,8000,0.00,0.00,0.00,1080.00,0.00,120,-120
4337,8000,0.00,0.00,0.00,1080.00,0.00,120,-120
4343,8000,0.00,0.00,0.00,1080.00,0.00,120,-120
4344,8000,0.00,0.00,0.00,1080.00,0.00,120,-120
4345,8000,0.00,0.00,0.00,1080.00,0.00,120,-120
4347,8000,0.00,0.00,0.00,1080.00,0.00,120,-120
4348,8000,0.00,0.00,0.00,1080.00,0.00,120,-120
4349,8000,0.00,0.00,0.00,1080.00,0.00,120,-120
4355,8000,0.00,0.00,0.00,1080.00,0.00,120,-120
4357,8000,0.00,0.00,0.00,1080.00,0.00,120,-120
4358,8000,0.00,0.00,0.00,1080.00,0.00,120,-120
4359,8000,0.00,0.00,0.00,1080.00,0.00,120,-120
4360,8000,0.00,0.00,0.00,1080.00,0.00,120,-120
4362,8000,0.00,0.00,0.00,1080.00,0.00,120,-120
4368,8000,0.00,0.00,0.00,1080.00,0.00,120,-120
4369,8000,0.00,0.00,0.00,1080.00,0.00,120,-120
4371,8000,0.00,0.00,0.00,1080.00,0.00,120,-120
4372,8000,0.00,0.00,0.00,1080.00,0.00,120,-120
4373,8000,0.00,0.00,0.00,1080.00,0.00,120,-120
4374,8000,0.00,0.00,0.00,1080.00,0.00,120,-120
4381,8000,0.00,0.00,0.00,1080.00,0.00,120,-120
4382,8000,0.00,0.00,0.00,1080.00,0.00,120,-120
4383,8000,0.00,0.00,0.00,1080.00,0.00,120,-120
4384,8000,0.00,0.00,0.00,1080.00,0.00,120,-120
4386,8000,0.00,0.00,0.00,1080.00,0.00,120,-120
4387,8000,0.00,0.00,0.00,1080.00,0.00,120,-120
4393,8000,0.00,0.00,0.00,1080.00,0.00,120,-120
4394,8000,0.00,0.00,0.00,1080.00,0.00,120,-120
4396,8000,0.00,0.00,0.00,1080.00,0.00,120,-120
4397,8000,0.00,0.00,0.00,1080.00,0.00,120,-120
4398,8000,0.00,0.00,0.00,1080.00,0.00,120,-120
4399,8000,0.00,0.00,0.00,1080.00,0.00,120,-120
4406,8000,0.00,0.00,0.00,1080.00,0.00,120,-120
4407,8000,0.00,0.00,0.00,1080.00,0.00,120,-120
4408,8000,0.00,0.00,0.00,1080.00,0.00,120,-120
4410,8000,0.00,0.00,0.00,1080.00,0.00,120,-120
4411,8000,0.00,0.00,0.00,1080.00,0.00,120,-120
4412,8000,0.00,0.00,0.00,1080.00,0.00,120,-120
4418,8000,0.00,0.00,0.00,1080.00,0.00,120,-120
4420,8000,0.00,0.00,0.00,1080.00,0.00,120,-120
4421,8000,0.00,0.00,0.00,1080.00,0.00,120,-120
4422,8000,0.00,0.00,0.00,1080.00,0.00,120,-120
4423,8000,0.00,0.00,0.00,1080.00,0.00,120,-120
4425,8000,0.00,0.00,0.00,1080.00,0.00,120,-120
4431,8000,0.00,0.00,0.00,1080.00,0.00,120,-120
4432,8000,0.00,0.00,0.00,1080.00,0.00,120,-120
4433,8000,0.00,0.00,0.00,1080.00,0.00,120,-120
4435,8000,0.00,0.00,0.00,1080.00,0.00,120,-120
4436,8000,0.00,0.00,0.00,1080.00,0.00,120,-120
4437,8000,0.00,0.00,0.00,1080.00,0.00,120,-120
4444,8000,0.00,0.00,0.00,1080.00,0.00,120,-120
4445,8000,0.00,0.00,0.00,1080.00,0.00,120,-120
4446,8000,0.00,0.00,0.00,1080.00,0.00,120,-120
4447,8000,0.00,0.00,0.00,1080.00,0.00,120,-120
4449,8000,0.00,0.00,0.00,1080.00,0.00,120,-120
4450,8000,0.00,0.00,0.00,1080.00,0.00,120,-120
4456,8000,0.00,0.00,0.00,1080.00,0.00,120,-120
4457,8000,0.00,0.00,0.00,1080.00,0.00,120,-120
4459,8000,0.00,0.00,0.00,1080.00,0.00,120,-120
4460,8000,0.00,0.00,0.00,1080.00,0.00,120,-120
4461,8000,0.00,0.00,0.00,1080.00,0.00,120,-120
4462,8000,0.00,0.00,0.00,1080.00,0.00,120,-120
4469,8000,0.00,0.00,0.00,1080.00,0.00,120,-120
4470,8000,0.00,0.00,0.00,1080.00,0.00,120,-120
4471,8000,0.00,0.00,0.00,1080.00,0.00,120,-120
4472,8000,0.00,0.00,0.00,1080.00,0.00,120,-120
4474,8000,0.00,0.00,0.00,1080.00,0.00,120,-120
4475,8000,0.00,0.00,0.00,1080.00,0.00,120,-120
4481,8000,0.00,0.00,0.00,1080.00,0.00,120,-120
4483,8000,0.00,0.00,0.00,1080.00,0.00,120,-120
4484,8000,0.00,0.00,0.00,1080.00,0.00,120,-120
4485,8000,0.00,0.00,0.00,1080.00,0.00,120,-120
4486,8000,0.00,0.00,0.00,1080.00,0.00,120,-120
4488,8000,0.00,0.00,0.00,1080.00,0.00,120,-120
4494,8000,0.00,0.00,0.00,1080.00,0.00,120,-120
4495,8000,0.00,0.00,0.00,1080.00,0.00,120,-120
4496,8000,0.00,0.00,0.00,1080.00,0.00,120,-120
4498,8000,0.00,0.00,0.00,1080.00,0.00,120,-120
4499,8000,0.00,0.00,0.00,1080.00,0.00,120,-120
4500,8000,0.00,0.00,0.00,1080.00,0.00,120,-120
4507,8000,0.00,0.00,0.00,1080.00,0.00,120,-120
4508,8000,0.00,0.00,0.00,1080.00,0.00,120,-120
4509,8000,0.00,0.00,0.00,1080.00,0.00,120,-120
4510,8000,0.00,0.00,0.00,1080.00,0.00,120,-120
4511,8000,0.00,0.00,0.00,1080.00,0.00,120,-120
4513,8000,0.00,0.00,0.00,1080.00,0.00,120,-120
4519,8000,0.00,0.00,0.00,1080.00,0.00,120,-120
4520,8000,0.00,0.00,0.00,1080.00,0.00,120,-120
4522,8000,0.00,0.00,0.00,1080.00,0.00,120,-120
4523,8000,0.00,0.00,0.00,1080.00,0.00,120,-120
4524,8000,0.00,0.00,0.00,1080.00,0.00,120,-120
4525,8000,0.00,0.00,0.00,1080.00,0.00,120,-120
4532,8000,0.00,0.00,0.00,1080.00,0.00,120,-120
4533,8000,0.00,0.00,0.00,1080.00,0.00,120,-120
4534,8000,0.00,0.00,0.00,1080.00,0.00,120,-120
4535,8000,0.00,0.00,0.00,1080.00,0.00,120,-120
4537,8000,0.00,0.00,0.00,1080.00,0.00,120,-120
4538,8000,0.00,0.00,0.00,1080.00,0.00,120,-120
4544,8000,0.00,0.00,0.00,1080.00,0.00,120,-120
4546,8000,0.00,0.00,0.00,1080.00,0.00,120,-120
4547,8000,0.00,0.00,0.00,1080.00,0.00,120,-120
4548,8000,0.00,0.00,0.00,1080.00,0.00,120,-120
4549,8000,0.00,0.00,0.00,1080.00,0.00,120,-120
4551,8000,0.00,0.00,0.00,1080.00,0.00,120,-120
4557,8000,0.00,0.00,0.00,1080.00,0.00,120,-120
4558,8000,0.00,0.00,0.00,1080.00,0.00,120,-120
4559,8000,0.00,0.00,0.00,1080.00,0.00,120,-120
4561,8000,0.00,0.00,0.00,1080.00,0.00,120,-120
4562,8000,0.00,0.00,0.00,1080.00,0.00,120,-120
4563,8000,0.00,0.00,0.00,1080.00,0.00,120,-120
4569,8000,0.00,0.00,0.00,1080.00,0.00,120,-120
4571,8000,0.00,0.00,0.00,1080.00,0.00,120,-120
4572,8000,0.00,0.00,0.00,1080.00,0.00,120,-120
4573,8000,0.00,0.00,0.00,1080.00,0.00,120,-120
4574,8000,0.00,0.00,0.00,1080.00,0.00,120,-120
4576,8000,0.00,0.00,0.00,1080.00,0.00,120,-120
4582,8000,0.00,0.00,0.00,1080.00,0.00,120,-120
4583,8000,0.00,0.00,0.00,1080.00,0.00,120,-120
4585,8000,0.00,0.00,0.00,1080.00,0.00,120,-120
4586,8000,0.00,0.00,0.00,1080.00,0.00,120,-120
4587,8000,0.00,0.00,0.00,1080.00,0.00,120,-120
4588,8000,0.00,0.00,0.00,1080.00,0.00,120,-120
4595,8000,0.00,0.00,0.00,1080.00,0.00,120,-120
4596,8000,0.00,0.00,0.00,1080.00,0.00,120,-120
4597,8000,0.00,0.00,0.00,1080.00,0.00,120,-120
4598,8000,0.00,0.00,0.00,1080.00,0.00,120,-120
4600,8000,0.00,0.00,0.00,1080.00,0.00,120,-120
4601,8000,0.00,0.00,0.00,1080.00,0.00,120,-120
4607,8000,0.00,0.00,0.00,1080.00,0.00,120,-120
4608,8000,0.00,0.00,0.00,1080.00,0.00,120,-120
4610,8000,0.00,0.00,0.00,1080.00,0.00,120,-120
4611,8000,0.00,0.00,0.00,1080.00,0.00,120,-120
4612,8000,0.00,0.00,0.00,1080.00,0.00,120,-120
4613,8000,0.00,0.00,0.00,1080.00,0.00,120,-120
4620,8000,0.00,0.00,0.00,1080.00,0.00,120,-120
4621,8000,0.00,0.00,0.00,1080.00,0.00,120,-120
4622,8000,0.00,0.00,0.00,1080.00,0.00,120,-120
4624,8000,0.00,0.00,0.00,1080.00,0.00,120,-120
4625,4,8.00,0.00,0.00,1080.00,0.00,178,162
4626,4,8.00,0.00,0.00,1084.00,4.00,178,162
4627,2,4.00,0.00,0.00,1088.00,4.00,174,166
4634,2,4.00,0.00,0.00,1090.00,2.00,174,166
4635,2,4.00,0.00,0.00,1092.00,2.00,174,166
4636,2,4.00,0.00,0.00,1094.00,2.00,174,166
4637,2,4.00,0.00,0.00,1096.00,2.00,174,166
4638,2,4.00,0.00,0.00,1098.00,2.00,174,166
4640,0,0.00,0.00,0.00,1100.00,2.00,170,170
4641,0,0.00,0.00,0.00,1100.00,0.00,170,170
4647,0,0.00,0.00,0.00,1100.00,0.00,170,170
4648,0,0.00,0.00,0.00,1100.00,0.00,170,170
4650,0,0.00,0.00,0.00,1100.00,0.00,170,170
4651,0,0.00,0.00,0.00,1100.00,0.00,170,170
4652,0,0.00,0.00,0.00,1100.00,0.00,170,170
4653,-2,-4.00,0.00,0.00,1100.00,0.00,166,174
4655,-2,-4.00,0.00,0.00,1098.00,-2.00,166,174
4656,-2,-4.00,0.00,0.00,1096.00,-2.00,166,174
4662,-2,-4.00,0.00,0.00,1094.00,-2.00,166,174
4664,-2,-4.00,0.00,0.00,1092.00,-2.00,166,174
4665,-2,-4.00,0.00,0.00,1090.00,-2.00,166,174
4666,8000,-4.00,0.00,0.00,1088.00,-2.00,-120,120
4667,8000,-4.00,0.00,0.00,1088.00,-2.00,-120,120
4669,8000,-4.00,0.00,0.00,1088.00,-2.00,-120,120
4675,8000,-4.00,0.00,0.00,1088.00,-2.00,-120,120
4676,8000,-4.00,0.00,0.00,1088.00,-2.00,-120,120
4678,8000,-4.00,0.00,0.00,1088.00,-2.00,-120,120
4679,8000,-4.00,0.00,0.00,1088.00,-2.00,-120,120
4680,8000,-4.00,0.00,0.00,1088.00,-2.00,-120,120
4681,8000,-4.00,0.00,0.00,1088.00,-2.00,-120,120
4688,8000,-4.00,0.00,0.00,1088.00,-2.00,-120,120
4689,8000,-4.00,0.00,0.00,1088.00,-2.00,-120,120
4690,8000,-4.00,0.00,0.00,1088.00,-2.00,-120,120
4692,8000,-4.00,0.00,0.00,1088.00,-2.00,-120,120
4693,8000,-4.00,0.00,0.00,1088.00,-2.00,-120,120
4699,8000,-4.00,0.00,0.00,1088.00,-2.00,-120,120
4701,8000,-4.00,0.00,0.00,1088.00,-2.00,-120,120
4702,8000,-4.00,0.00,0.00,1088.00,-2.00,-120,120
4703,8000,-4.00,0.00,0.00,1088.00,-2.00,-120,120
4704,8000,-4.00,0.00,0.00,1088.00,-2.00,-120,120
4706,8000,-4.00,0.00,0.00,1088.00,-2.00,-120,120
4712,8000,-4.00,0.00,0.00,1088.00,-2.00,-120,120
4713,8000,-4.00,0.00,0.00,1088.00,-2.00,-120,120
4715,8000,-4.00,0.00,0.00,1088.00,-2.00,-120,120
4716,8000,-4.00,0.00,0.00,1088.00,-2.00,-120,120
4717,8000,-4.00,0.00,0.00,1088.00,-2.00,-120,120
4719,8000,-4.00,0.00,0.00,1088.00,-2.00,-120,120
4725,8000,-4.00,0.00,0.00,1088.00,-2.00,-120,120
4726,8000,-4.00,0.00,0.00,1088.00,-2.00,-120,120
4727,8000,-4.00,0.00,0.00,1088.00,-2.00,-120,120
4729,8000,-4.00,0.00,0.00,1088.00,-2.00,-120,120
4730,8000,-4.00,0.00,0.00,1088.00,-2.00,-120,120
4731,8000,-4.00,0.00,0.00,1088.00,-2.00,-120,120
4738,8000,-4.00,0.00,0.00,1088.00,-2.00,-120,120
4739,8000,-4.00,0.00,0.00,1088.00,-2.00,-120,120
4740,8000,-4.00,0.00,0.00,1088.00,-2.00,-120,120
4742,8000,-4.00,0.00,0.00,1088.00,-2.00,-120,120
4743,8000,-4.00,0.00,0.00,1088.00,-2.00,-120,120
4749,8000,-4.00,0.00,0.00,1088.00,-2.00,-120,120
4751,8000,-4.00,0.00,0.00,1088.00,-2.00,-120,120
4752,8000,-4.00,0.00,0.00,1088.00,-2.00,-120,120
4753,8000,-4.00,0.00,0.00,1088.00,-2.00,-120,120
4754,8000,-4.00,0.00,0.00,1088.00,-2.00,-120,120
4756,8000,-4.00,0.00,0.00,1088.00,-2.00,-120,120
4762,8000,-4.00,0.00,0.00,1088.00,-2.00,-120,120
4763,8000,-4.00,0.00,0.00,1088.00,-2.00,-120,120
4765,8000,-4.00,0.00,0.00,1088.00,-2.00,-120,120
4766,8000,-4.00,0.00,0.00,1088.00,-2.00,-120,120
4767,8000,-4.00,0.00,0.00,1088.00,-2.00,-120,120
4768,8000,-4.00,0.00,0.00,1088.00,-2.00,-120,120
4775,8000,-4.00,0.00,0.00,1088.00,-2.00,-120,120
4776,8000,-4.00,0.00,0.00,1088.00,-2.00,-120,120
4777,8000,-4.00,0.00,0.00.00,0.00,1088.00,-2.00,-120,120
4789,8000,-4.00,0.00,0.00,1088.00,-2.00,-120,120
4790,8000,-4.00,0.00,0.00,1088.00,-2.00,-120,,1088.00,-2.00,-120,120
4779,8000,-4.00,0.00,0.00,1088.00,-2.001,8000,-4.00,0.00,0.00,1088.00,-2.00,-120,120
4788,8000,-4.00,0,-120,120
4780,8000,-4.00,0.00,0.00,1088.00,-2.00,-120,120
478120
4791,8000,-4.00,0.00,0.00,1088.00,-2.00,-120,120
4793,8000,-4.00,0.00,0.00,1088.00,-2.00,-120,120
4799,-2,-4.00,0.00,0.00,1088.00,-2.00,166,174
4800,-2,-4.00,0.00,0.00,1086.00,-2.00,166,174
4802,-2,-4.00,0.00,0.00,1084.00,-2.00,166,174
4803,-2,-4.00,0.00,0.00,1082.00,-2.00,166,174
4804,-2,-4.00,0.00,0.00,1080.00,-2.00,166,174
4806,-2,-4.00,0.00,0.00,1078.00,-2.00,166,174
4807,-2,-4.00,0.00,0.00,1076.00,-2.00,166,174
4813,0,0.00,0.00,0.00,1074.00,-2.00,170,170
4814,0,0.00,0.00,0.00,1074.00,0.00,170,170
4816,0,0.00,0.00,0.00,1074.00,0.00,170,170
4817,0,0.00,0.00,0.00,1074.00,0.00,170,170
4818,0,0.00,0.00,0.00,1074.00,0.00,170,170
4819,0,0.00,0.00,0.00,1074.00,0.00,170,170
4821,0,0.00,0.00,0.00,1074.00,0.00,170,170
4827,0,0.00,0.00,0.00,1074.00,0.00,170,170
4828,0,0.00,0.00,0.00,1074.00,0.00,170,170
4829,0,0.00,0.00,0.00,1074.00,0.00,170,170
4830,2,4.00,0.00,0.00,1074.00,0.00,174,166
4832,2,4.00,0.00,0.00,1076.00,2.00,174,166
4833,2,4.00,0.00,0.00,1078.00,2.00,174,166
4834,2,4.00,0.00,0.00,1080.00,2.00,174,166
4835,2,4.00,0.00,0.00,1082.00,2.00,174,166
4842,2,4.00,0.00,0.00,1084.00,2.00,174,166
4843,2,4.00,0.00,0.00,1086.00,2.00,174,166
4844,2,4.00,0.00,0.00,1088.00,2.00,174,166
4845,2,4.00,0.00,0.00,1090.00,2.00,174,166
4847,2,4.00,0.00,0.00,1092.00,2.00,174,166
4848,2,4.00,0.00,0.00,1094.00,2.00,174,166
4849,2,4.00,0.00,0.00,1096.00,2.00,174,166
4855,2,4.00,0.00,0.00,1098.00,2.00,174,166
4857,8000,4.00,0.00,0.00,1100.00,2.00,120,-120
4858,8000,4.00,0.00,0.00,1100.00,2.00,120,-120
4859,8000,4.00,0.00,0.00,1100.00,2.00,120,-120
4860,8000,4.00,0.00,0.00,1100.00,2.00,120,-120
4862,8000,4.00,0.00,0.00,1100.00,2.00,120,-120
4868,8000,4.00,0.00,0.00,1100.00,2.00,120,-120
4869,8000,4.00,0.00,0.00,1100.00,2.00,120,-120
4870,8000,4.00,0.00,0.00,1100.00,2.00,120,-120
4872,8000,4.00,0.00,0.00,1100.00,2.00,120,-120
4873,8000,4.00,0.00,0.00,1100.00,2.00,120,-120
4874,8000,4.00,0.00,0.00,1100.00,2.00,120,-120
4880,8000,4.00,0.00,0.00,1100.00,2.00,120,-120
4882,8000,4.00,0.00,0.00,1100.00,2.00,120,-120
4883,8000,4.00,0.00,0.00,1100.00,2.00,120,-120
4884,8000,4.00,0.00,0.00,1100.00,2.00,120,-120
4885,8000,4.00,0.00,0.00,1100.00,2.00,120,-120
4887,8000,4.00,0.00,0.00,1100.00,2.00,120,-120
4893,8000,4.00,0.00,0.00,1100.00,2.00,120,-120
4894,8000,4.00,0.00,0.00,1100.00,2.00,120,-120
4896,8000,4.00,0.00,0.00,1100.00,2.00,120,-120
4897,8000,4.00,0.00,0.00,1100.00,2.00,120,-120
4898,8000,4.00,0.00,0.00,1100.00,2.00,120,-120
4899,8000,4.00,0.00,0.00,1100.00,2.00,120,-120
4906,8000,4.00,0.00,0.00,1100.00,2.00,120,-120
4907,8000,4.00,0.00,0.00,1100.00,2.00,120,-120
4908,8000,4.00,0.00,0.00,1100.00,2.00,120,-120
4909,8000,4.00,0.00,0.00,1100.00,2.00,120,-120
4911,8000,4.00,0.00,0.00,1100.00,2.00,120,-120
4912,8000,4.00,0.00,0.00,1100.00,2.00,120,-120
4918,8000,4.00,0.00,0.00,1100.00,2.00,120,-120
4919,8000,4.00,0.00,0.00,1100.00,2.00,120,-120
4921,8000,4.00,0.00,0.00,1100.00,2.00,120,-120
4922,8000,4.00,0.00,0.00,1100.00,2.00,120,-120
4923,8000,4.00,0.00,0.00,1100.00,2.00,120,-120
4924,8000,4.00,0.00,0.00,1100.00,2.00,120,-120
4931,8000,4.00,0.00,0.00,1100.00,2.00,120,-120
4932,8000,4.00,0.00,0.00,1100.00,2.00,120,-120
4933,8000,4.00,0.00,0.00,1100.00,2.00,120,-120
4935,8000,4.00,0.00,0.00,1100.00,2.00,120,-120
4936,8000,4.00,0.00,0.00,1100.00,2.00,120,-120
4937,8000,4.00,0.00,0.00,1100.00,2.00,120,-120
4943,8000,4.00,0.00,0.00,1100.00,2.00,120,-120
4945,8000,4.00,0.00,0.00,1100.00,2.00,120,-120
4946,8000,4.00,0.00,0.00,1100.00,2.00,120,-120
4947,8000,4.00,0.00,0.00,1100.00,2.00,120,-120
4948,4,8.00,0.00,0.00,1100.00,2.00,178,162
4950,4,8.00,0.00,0.00,1104.00,4.00,178,162
4951,4,8.00,0.00,0.00,1108.00,4.00,178,162
4957,2,4.00,0.00,0.00,1112.00,4.00,174,166
4958,2,4.00,0.00,0.00,1114.00,2.00,174,166
4960,2,4.00,0.00,0.00,1116.00,2.00,174,166
4961,2,4.00,0.00,0.00,1118.00,2.00,174,166
4962,2,4.00,0.00,0.00,1120.00,2.00,174,166
4963,2,4.00,0.00,0.00,1122.00,2.00,174,166
4964,2,4.00,0.00,0.00,1124.00,2.00,174,166
4971,2,4.00,0.00,0.00,1126.00,2.00,174,166
4972,2,4.00,0.00,0.00,1128.00,2.00,174,166
4973,2,4.00,0.00,0.00,1130.00,2.00,174,166
4974,0,0.00,0.00,0.00,1132.00,2.00,170,170
4976,0,0.00,0.00,0.00,1132.00,0.00,170,170
4977,0,0.00,0.00,0.00,1132.00,0.00,170,170
4978,0,0.00,0.00,0.00,1132.00,0.00,170,170
4979,0,0.00,0.00,0.00,1132.00,0.00,170,170
4986,0,0.00,0.00,0.00,1132.00,0.00,170,170
4987,0,0.00,0.00,0.00,1132.00,0.00,170,170
4988,0,0.00,0.00,0.00,1132.00,0.00,170,170
4989,0,0.00,0.00,0.00,1132.00,0.00,170,170
4990,0,0.00,0.00,0.00,1132.00,0.00,170,170
4992,0,0.00,0.00,0.00,1132.00,0.00,170,170
4993,0,0.00,0.00,0.00,1132.00,0.00,170,170
4999,0,0.00,0.00,0.00,1132.00,0.00,170,170
5000,0,0.00,0.00,0.00,1132.00,0.00,170,170
5002,0,0.00,0.00,0.00,1132.00,0.00,170,170
5003,0,0.00,0.00,0.00,1132.00,0.00,170,170
5004,0,0.00,0.00,0.00,1132.00,0.00,170,170
5005,0,0.00,0.00,0.00,1132.00,0.00,170,170
5007,0,0.00,0.00,0.00,1132.00,0.00,170,170
5013,0,0.00,0.00,0.00,1132.00,0.00,170,170
5014,0,0.00,0.00,0.00,1132.00,0.00,170,170
5015,0,0.00,0.00,0.00,1132.00,0.00,170,170
5017,0,0.00,0.00,0.00,1132.00,0.00,170,170
5018,0,0.00,0.00,0.00,1132.00,0.00,170,170
5019,0,0.00,0.00,0.00,1132.00,0.00,170,170
5020,0,0.00,0.00,0.00,1132.00,0.00,170,170
5021,0,0.00,0.00,0.00,1132.00,0.00,170,170
5028,0,0.00,0.00,0.00,1132.00,0.00,170,170
5029,0,0.00,0.00,0.00,1132.00,0.00,170,170
5030,0,0.00,0.00,0.00,1132.00,0.00,170,170
5031,0,0.00,0.00,0.00,1132.00,0.00,170,170
5033,0,0.00,0.00,0.00,1132.00,0.00,170,170
5034,-2,-4.00,0.00,0.00,1132.00,0.00,166,174
5035,-2,-4.00,0.00,0.00,1130.00,-2.00,166,174
5041,-2,-4.00,0.00,0.00,1128.00,-2.00,166,174
5043,-2,-4.00,0.00,0.00,1126.00,-2.00,166,174
5044,-2,-4.00,0.00,0.00,1124.00,-2.00,166,174
5045,-2,-4.00,0.00,0.00,1122.00,-2.00,166,174
5047,-2,-4.00,0.00,0.00,1120.00,-2.00,166,174
5048,-2,-4.00,0.00,0.00,1118.00,-2.00,166,174
5049,-2,-4.00,0.00,0.00,1116.00,-2.00,166,174
5056,-2,-4.00,0.00,0.00,1114.00,-2.00,166,174
5057,-2,-4.00,0.00,0.00,1112.00,-2.00,166,174
5058,-2,-4.00,0.00,0.00,1110.00,-2.00,166,174
5059,-2,-4.00,0.00,0.00,1108.00,-2.00,166,174
5061,-2,-4.00,0.00,0.00,1106.00,-2.00,166,174
5062,-2,-4.00,0.00,0.00,1104.00,-2.00,166,174
5068,-2,-4.00,0.00,0.00,1102.00,-2.00,166,174
5070,-2,-4.00,0.00,0.00,1100.00,-2.00,166,174
5071,-2,-4.00,0.00,0.00,1098.00,-2.00,166,174
5072,0,0.00,0.00,0.00,1096.00,-2.00,170,170
5073,0,0.00,0.00,0.00,1096.00,0.00,170,170
5075,0,0.00,0.00,0.00,1096.00,0.00,170,170
5076,2,4.00,0.00,0.00,1096.00,0.00,174,166
5082,4,8.00,0.00,0.00,1098.00,2.00,178,162
